bran, [[0,0],[0,1],[1,1],[2,1]]
brand, [[0,0],[0,1],[1,1],[2,1],[1,0]]
branch, [[0,0],[0,1],[1,1],[2,1],[3,2],[2,3]]
branchlet, [[0,0],[0,1],[1,1],[2,1],[3,2],[2,3],[1,4],[2,5],[3,5]]
branchlet, [[0,0],[0,1],[1,1],[2,1],[3,2],[2,3],[1,4],[2,5],[2,4]]
brad, [[0,0],[0,1],[1,1],[1,0]]
braula, [[0,0],[0,1],[1,1],[1,2],[0,3],[1,3]]
brae, [[0,0],[0,1],[1,1],[0,2]]
brab, [[0,0],[0,1],[1,1],[2,2]]
bread, [[0,0],[0,1],[0,2],[1,1],[1,0]]
breath, [[0,0],[0,1],[0,2],[1,3],[2,4],[2,3]]
bruang, [[0,0],[0,1],[1,2],[1,1],[2,1],[3,1]]
brule, [[0,0],[0,1],[1,2],[0,3],[0,2]]
brune, [[0,0],[0,1],[1,2],[2,1],[3,0]]
brunch, [[0,0],[0,1],[1,2],[2,1],[3,2],[2,3]]
bare, [[0,0],[1,1],[0,1],[0,2]]
bard, [[0,0],[1,1],[0,1],[1,0]]
baru, [[0,0],[1,1],[0,1],[1,2]]
bang, [[0,0],[1,1],[2,1],[3,1]]
bange, [[0,0],[1,1],[2,1],[3,1],[3,0]]
banba, [[0,0],[1,1],[2,1],[2,2],[1,3]]
band, [[0,0],[1,1],[2,1],[1,0]]
bandh, [[0,0],[1,1],[2,1],[1,0],[2,0]]
bane, [[0,0],[1,1],[2,1],[3,0]]
banc, [[0,0],[1,1],[2,1],[3,2]]
banco, [[0,0],[1,1],[2,1],[3,2],[4,2]]
bancha, [[0,0],[1,1],[2,1],[3,2],[2,3],[1,3]]
banco, [[0,0],[1,1],[2,1],[3,2],[4,3]]
baure, [[0,0],[1,1],[1,2],[0,1],[0,2]]
baul, [[0,0],[1,1],[1,2],[0,3]]
baulea, [[0,0],[1,1],[1,2],[0,3],[0,2],[1,3]]
bauleah, [[0,0],[1,1],[1,2],[0,3],[0,2],[1,3],[2,3]]
baun, [[0,0],[1,1],[1,2],[2,1]]
bael, [[0,0],[1,1],[0,2],[0,3]]
babu, [[0,0],[1,1],[2,2],[1,2]]
babua, [[0,0],[1,1],[2,2],[1,2],[1,3]]
baburd, [[0,0],[1,1],[2,2],[1,2],[0,1],[1,0]]
babul, [[0,0],[1,1],[2,2],[1,2],[0,3]]
baba, [[0,0],[1,1],[2,2],[1,3]]
rang, [[0,1],[1,1],[2,1],[3,1]]
range, [[0,1],[1,1],[2,1],[3,1],[3,0]]
rangoon, [[0,1],[1,1],[2,1],[3,1],[4,2],[4,3],[5,2]]
rand, [[0,1],[1,1],[2,1],[1,0]]
ranula, [[0,1],[1,1],[2,1],[1,2],[0,3],[1,3]]
rane, [[0,1],[1,1],[2,1],[3,0]]
ranch, [[0,1],[1,1],[2,1],[3,2],[2,3]]
ranchmen, [[0,1],[1,1],[2,1],[3,2],[2,3],[3,4],[2,5],[1,5]]
raul, [[0,1],[1,1],[1,2],[0,3]]
raun, [[0,1],[1,1],[1,2],[2,1]]
raunge, [[0,1],[1,1],[1,2],[2,1],[3,1],[3,0]]
rabal, [[0,1],[1,1],[2,2],[1,3],[0,3]]
rabal, [[0,1],[1,1],[2,2],[1,3],[1,4]]
rabat, [[0,1],[1,1],[2,2],[1,3],[2,4]]
rabatte, [[0,1],[1,1],[2,2],[1,3],[2,4],[3,5],[2,5]]
reub, [[0,1],[0,2],[1,2],[2,2]]
reune, [[0,1],[0,2],[1,2],[2,1],[3,0]]
relaunch, [[0,1],[0,2],[0,3],[1,3],[1,2],[2,1],[3,2],[2,3]]
relate, [[0,1],[0,2],[0,3],[1,3],[2,4],[2,5]]
read, [[0,1],[0,2],[1,1],[1,0]]
real, [[0,1],[0,2],[1,3],[0,3]]
real, [[0,1],[0,2],[1,3],[1,4]]
ruelle, [[0,1],[1,2],[0,2],[0,3],[1,4],[2,5]]
rule, [[0,1],[1,2],[0,3],[0,2]]
rull, [[0,1],[1,2],[0,3],[1,4]]
rung, [[0,1],[1,2],[2,1],[3,1]]
rune, [[0,1],[1,2],[2,1],[3,0]]
runch, [[0,1],[1,2],[2,1],[3,2],[2,3]]
elate, [[0,2],[0,3],[1,3],[2,4],[2,5]]
eluate, [[0,2],[0,3],[1,2],[1,3],[2,4],[2,5]]
ella, [[0,2],[0,3],[1,4],[1,3]]
elle, [[0,2],[0,3],[1,4],[2,5]]
ellen, [[0,2],[0,3],[1,4],[2,5],[1,5]]
eath, [[0,2],[1,3],[2,4],[2,3]]
eaten, [[0,2],[1,3],[2,4],[2,5],[1,5]]
lauan, [[0,3],[1,3],[1,2],[1,1],[2,1]]
laur, [[0,3],[1,3],[1,2],[0,1]]
laura, [[0,3],[1,3],[1,2],[0,1],[1,1]]
laurae, [[0,3],[1,3],[1,2],[0,1],[1,1],[0,2]]
laure, [[0,3],[1,3],[1,2],[0,1],[0,2]]
laun, [[0,3],[1,3],[1,2],[2,1]]
laund, [[0,3],[1,3],[1,2],[2,1],[1,0]]
launch, [[0,3],[1,3],[1,2],[2,1],[3,2],[2,3]]
lalo, [[0,3],[1,3],[1,4],[0,5]]
laban, [[0,3],[1,3],[2,2],[1,1],[2,1]]
lath, [[0,3],[1,3],[2,4],[2,3]]
late, [[0,3],[1,3],[2,4],[2,5]]
laten, [[0,3],[1,3],[2,4],[2,5],[1,5]]
latten, [[0,3],[1,3],[2,4],[3,5],[2,5],[1,5]]
leung, [[0,3],[0,2],[1,2],[2,1],[3,1]]
lear, [[0,3],[0,2],[1,1],[0,1]]
lean, [[0,3],[0,2],[1,1],[2,1]]
lead, [[0,3],[0,2],[1,1],[1,0]]
leah, [[0,3],[0,2],[1,1],[2,0]]
leah, [[0,3],[0,2],[1,3],[2,3]]
leal, [[0,3],[0,2],[1,3],[1,4]]
leat, [[0,3],[0,2],[1,3],[2,4]]
leatmen, [[0,3],[0,2],[1,3],[2,4],[3,4],[2,5],[1,5]]
leath, [[0,3],[0,2],[1,3],[2,4],[2,3]]
luba, [[0,3],[1,2],[2,2],[1,1]]
luba, [[0,3],[1,2],[2,2],[1,3]]
lura, [[0,3],[1,2],[0,1],[1,1]]
lure, [[0,3],[1,2],[0,1],[0,2]]
lurdan, [[0,3],[1,2],[0,1],[1,0],[1,1],[2,1]]
lurdane, [[0,3],[1,2],[0,1],[1,0],[1,1],[2,1],[3,0]]
luna, [[0,3],[1,2],[2,1],[1,1]]
lunar, [[0,3],[1,2],[2,1],[1,1],[0,1]]
lunare, [[0,3],[1,2],[2,1],[1,1],[0,1],[0,2]]
lung, [[0,3],[1,2],[2,1],[3,1]]
lunge, [[0,3],[1,2],[2,1],[3,1],[3,0]]
lunda, [[0,3],[1,2],[2,1],[1,0],[1,1]]
lune, [[0,3],[1,2],[2,1],[3,0]]
lunch, [[0,3],[1,2],[2,1],[3,2],[2,3]]
clat, [[0,4],[1,4],[1,3],[2,4]]
clon, [[0,4],[1,4],[0,5],[1,5]]
clone, [[0,4],[1,4],[0,5],[1,5],[2,5]]
cletch, [[0,4],[1,4],[2,5],[3,5],[4,5],[5,5]]
clem, [[0,4],[1,4],[2,5],[3,4]]
clat, [[0,4],[0,3],[1,3],[2,4]]
clear, [[0,4],[0,3],[0,2],[1,1],[0,1]]
clean, [[0,4],[0,3],[0,2],[1,1],[2,1]]
clead, [[0,4],[0,3],[0,2],[1,1],[1,0]]
cleat, [[0,4],[0,3],[0,2],[1,3],[2,4]]
clue, [[0,4],[0,3],[1,2],[0,2]]
club, [[0,4],[0,3],[1,2],[2,2]]
clubdom, [[0,4],[0,3],[1,2],[2,2],[3,3],[4,3],[3,4]]
clung, [[0,4],[0,3],[1,2],[2,1],[3,1]]
clunch, [[0,4],[0,3],[1,2],[2,1],[3,2],[2,3]]
cone, [[0,4],[0,5],[1,5],[2,5]]
cont, [[0,4],[0,5],[1,5],[2,4]]
conte, [[0,4],[0,5],[1,5],[2,4],[2,5]]
contd, [[0,4],[0,5],[1,5],[2,4],[3,3]]
colt, [[0,4],[0,5],[1,4],[2,4]]
cola, [[0,4],[0,5],[1,4],[1,3]]
colat, [[0,4],[0,5],[1,4],[1,3],[2,4]]
colate, [[0,4],[0,5],[1,4],[1,3],[2,4],[2,5]]
coll, [[0,4],[0,5],[1,4],[0,3]]
colla, [[0,4],[0,5],[1,4],[0,3],[1,3]]
collab, [[0,4],[0,5],[1,4],[0,3],[1,3],[2,2]]
collat, [[0,4],[0,5],[1,4],[0,3],[1,3],[2,4]]
collate, [[0,4],[0,5],[1,4],[0,3],[1,3],[2,4],[2,5]]
collun, [[0,4],[0,5],[1,4],[0,3],[1,2],[2,1]]
cole, [[0,4],[0,5],[1,4],[2,5]]
colen, [[0,4],[0,5],[1,4],[2,5],[1,5]]
colent, [[0,4],[0,5],[1,4],[2,5],[1,5],[2,4]]
colet, [[0,4],[0,5],[1,4],[2,5],[3,5]]
colet, [[0,4],[0,5],[1,4],[2,5],[2,4]]
calean, [[0,4],[1,3],[0,3],[0,2],[1,1],[2,1]]
call, [[0,4],[1,3],[0,3],[1,4]]
callo, [[0,4],[1,3],[0,3],[1,4],[0,5]]
callet, [[0,4],[1,3],[0,3],[1,4],[2,5],[3,5]]
callet, [[0,4],[1,3],[0,3],[1,4],[2,5],[2,4]]
caul, [[0,4],[1,3],[1,2],[0,3]]
caunch, [[0,4],[1,3],[1,2],[2,1],[3,2],[2,3]]
call, [[0,4],[1,3],[1,4],[0,3]]
caller, [[0,4],[1,3],[1,4],[0,3],[0,2],[0,1]]
calluna, [[0,4],[1,3],[1,4],[0,3],[1,2],[2,1],[1,1]]
caba, [[0,4],[1,3],[2,2],[1,1]]
caban, [[0,4],[1,3],[2,2],[1,1],[2,1]]
cabane, [[0,4],[1,3],[2,2],[1,1],[2,1],[3,0]]
cath, [[0,4],[1,3],[2,4],[2,3]]
cate, [[0,4],[1,3],[2,4],[2,5]]
catel, [[0,4],[1,3],[2,4],[2,5],[1,4]]
catdom, [[0,4],[1,3],[2,4],[3,3],[4,3],[3,4]]
onca, [[0,5],[1,5],[0,4],[1,3]]
ontal, [[0,5],[1,5],[2,4],[1,3],[0,3]]
ontal, [[0,5],[1,5],[2,4],[1,3],[1,4]]
olla, [[0,5],[1,4],[0,3],[1,3]]
olent, [[0,5],[1,4],[2,5],[1,5],[2,4]]
dhan, [[1,0],[2,0],[1,1],[2,1]]
darb, [[1,0],[1,1],[0,1],[0,0]]
dare, [[1,0],[1,1],[0,1],[0,2]]
dareall, [[1,0],[1,1],[0,1],[0,2],[1,3],[0,3],[1,4]]
dareall, [[1,0],[1,1],[0,1],[0,2],[1,3],[1,4],[0,3]]
dang, [[1,0],[1,1],[2,1],[3,1]]
dane, [[1,0],[1,1],[2,1],[3,0]]
daub, [[1,0],[1,1],[1,2],[2,2]]
daur, [[1,0],[1,1],[1,2],[0,1]]
daun, [[1,0],[1,1],[1,2],[2,1]]
daunch, [[1,0],[1,1],[1,2],[2,1],[3,2],[2,3]]
daer, [[1,0],[1,1],[0,2],[0,1]]
dabuh, [[1,0],[1,1],[2,2],[1,2],[2,3]]
drang, [[1,0],[0,1],[1,1],[2,1],[3,1]]
drab, [[1,0],[0,1],[1,1],[0,0]]
drab, [[1,0],[0,1],[1,1],[2,2]]
draba, [[1,0],[0,1],[1,1],[2,2],[1,3]]
drub, [[1,0],[0,1],[1,2],[2,2]]
drung, [[1,0],[0,1],[1,2],[2,1],[3,1]]
area, [[1,1],[0,1],[0,2],[1,3]]
areal, [[1,1],[0,1],[0,2],[1,3],[0,3]]
areal, [[1,1],[0,1],[0,2],[1,3],[1,4]]
aruac, [[1,1],[0,1],[1,2],[1,3],[0,4]]
ango, [[1,1],[2,1],[3,1],[4,2]]
anba, [[1,1],[2,1],[2,2],[1,3]]
andre, [[1,1],[2,1],[1,0],[0,1],[0,2]]
andrea, [[1,1],[2,1],[1,0],[0,1],[0,2],[1,3]]
aneuch, [[1,1],[2,1],[3,0],[4,1],[3,2],[2,3]]
ancon, [[1,1],[2,1],[3,2],[4,2],[5,2]]
ancone, [[1,1],[2,1],[3,2],[4,2],[5,2],[6,1]]
ancona, [[1,1],[2,1],[3,2],[4,2],[5,2],[6,3]]
anconal, [[1,1],[2,1],[3,2],[4,2],[5,2],[6,3],[7,3]]
ancha, [[1,1],[2,1],[3,2],[2,3],[1,3]]
anchat, [[1,1],[2,1],[3,2],[2,3],[1,3],[2,4]]
ancome, [[1,1],[2,1],[3,2],[4,3],[3,4],[2,5]]
ancon, [[1,1],[2,1],[3,2],[4,3],[5,2]]
ancone, [[1,1],[2,1],[3,2],[4,3],[5,2],[6,1]]
ancona, [[1,1],[2,1],[3,2],[4,3],[5,2],[6,3]]
anconal, [[1,1],[2,1],[3,2],[4,3],[5,2],[6,3],[7,3]]
adrue, [[1,1],[1,0],[0,1],[1,2],[0,2]]
aureal, [[1,1],[1,2],[0,1],[0,2],[1,3],[0,3]]
aureal, [[1,1],[1,2],[0,1],[0,2],[1,3],[1,4]]
aureate, [[1,1],[1,2],[0,1],[0,2],[1,3],[2,4],[2,5]]
aula, [[1,1],[1,2],[0,3],[1,3]]
aulae, [[1,1],[1,2],[0,3],[1,3],[0,2]]
aune, [[1,1],[1,2],[2,1],[3,0]]
abune, [[1,1],[2,2],[1,2],[2,1],[3,0]]
abaue, [[1,1],[2,2],[1,3],[1,2],[0,2]]
abalone, [[1,1],[2,2],[1,3],[1,4],[0,5],[1,5],[2,5]]
abac, [[1,1],[2,2],[1,3],[0,4]]
abate, [[1,1],[2,2],[1,3],[2,4],[2,5]]
abattu, [[1,1],[2,2],[1,3],[2,4],[3,5],[4,4]]
abdom, [[1,1],[2,2],[3,3],[4,3],[3,4]]
abdomen, [[1,1],[2,2],[3,3],[4,3],[3,4],[2,5],[1,5]]
abduct, [[1,1],[2,2],[3,3],[4,4],[4,5],[3,5]]
abduce, [[1,1],[2,2],[3,3],[4,4],[5,3],[6,4]]
abduces, [[1,1],[2,2],[3,3],[4,4],[5,3],[6,4],[7,5]]
uang, [[1,2],[1,1],[2,1],[3,1]]
uran, [[1,2],[0,1],[1,1],[2,1]]
urban, [[1,2],[0,1],[0,0],[1,1],[2,1]]
urbane, [[1,2],[0,1],[0,0],[1,1],[2,1],[3,0]]
urea, [[1,2],[0,1],[0,2],[1,1]]
urea, [[1,2],[0,1],[0,2],[1,3]]
ureal, [[1,2],[0,1],[0,2],[1,3],[0,3]]
ureal, [[1,2],[0,1],[0,2],[1,3],[1,4]]
ulla, [[1,2],[0,3],[1,4],[1,3]]
ungone, [[1,2],[2,1],[3,1],[4,2],[5,2],[6,1]]
ungood, [[1,2],[2,1],[3,1],[4,2],[4,3],[3,3]]
ungod, [[1,2],[2,1],[3,1],[4,2],[3,3]]
unhard, [[1,2],[2,1],[2,0],[1,1],[0,1],[1,0]]
unhad, [[1,2],[2,1],[2,0],[1,1],[1,0]]
unbar, [[1,2],[2,1],[2,2],[1,1],[0,1]]
unbarb, [[1,2],[2,1],[2,2],[1,1],[0,1],[0,0]]
unbare, [[1,2],[2,1],[2,2],[1,1],[0,1],[0,2]]
unbale, [[1,2],[2,1],[2,2],[1,3],[0,3],[0,2]]
unbale, [[1,2],[2,1],[2,2],[1,3],[1,4],[2,5]]
unbatten, [[1,2],[2,1],[2,2],[1,3],[2,4],[3,5],[2,5],[1,5]]
undrab, [[1,2],[2,1],[1,0],[0,1],[1,1],[0,0]]
undrab, [[1,2],[2,1],[1,0],[0,1],[1,1],[2,2]]
unco, [[1,2],[2,1],[3,2],[4,2]]
unco, [[1,2],[2,1],[3,2],[4,3]]
uncouch, [[1,2],[2,1],[3,2],[4,3],[4,4],[4,5],[5,5]]
uncome, [[1,2],[2,1],[3,2],[4,3],[3,4],[2,5]]
alea, [[1,3],[0,3],[0,2],[1,1]]
alco, [[1,3],[0,3],[0,4],[0,5]]
alur, [[1,3],[0,3],[1,2],[0,1]]
alure, [[1,3],[0,3],[1,2],[0,1],[0,2]]
allo, [[1,3],[0,3],[1,4],[0,5]]
alle, [[1,3],[0,3],[1,4],[2,5]]
allen, [[1,3],[0,3],[1,4],[2,5],[1,5]]
ahura, [[1,3],[2,3],[1,2],[0,1],[1,1]]
ahull, [[1,3],[2,3],[1,2],[0,3],[1,4]]
ahmet, [[1,3],[2,3],[3,4],[2,5],[3,5]]
ahmet, [[1,3],[2,3],[3,4],[2,5],[2,4]]
aura, [[1,3],[1,2],[0,1],[1,1]]
aurang, [[1,3],[1,2],[0,1],[1,1],[2,1],[3,1]]
aurae, [[1,3],[1,2],[0,1],[1,1],[0,2]]
aune, [[1,3],[1,2],[2,1],[3,0]]
alco, [[1,3],[1,4],[0,4],[0,5]]
alle, [[1,3],[1,4],[0,3],[0,2]]
aller, [[1,3],[1,4],[0,3],[0,2],[0,1]]
allure, [[1,3],[1,4],[0,3],[1,2],[0,1],[0,2]]
alone, [[1,3],[1,4],[0,5],[1,5],[2,5]]
alen, [[1,3],[1,4],[2,5],[1,5]]
alem, [[1,3],[1,4],[2,5],[3,4]]
acle, [[1,3],[0,4],[1,4],[2,5]]
aclemon, [[1,3],[0,4],[1,4],[2,5],[3,4],[4,3],[5,2]]
acle, [[1,3],[0,4],[0,3],[0,2]]
aclu, [[1,3],[0,4],[0,3],[1,2]]
acone, [[1,3],[0,4],[0,5],[1,5],[2,5]]
acolhua, [[1,3],[0,4],[0,5],[1,4],[2,3],[1,2],[1,1]]
acolhuan, [[1,3],[0,4],[0,5],[1,4],[2,3],[1,2],[1,1],[2,1]]
acne, [[1,3],[0,4],[1,5],[2,5]]
abura, [[1,3],[2,2],[1,2],[0,1],[1,1]]
aburban, [[1,3],[2,2],[1,2],[0,1],[0,0],[1,1],[2,1]]
abuna, [[1,3],[2,2],[1,2],[2,1],[1,1]]
abune, [[1,3],[2,2],[1,2],[2,1],[3,0]]
aband, [[1,3],[2,2],[1,1],[2,1],[1,0]]
abaue, [[1,3],[2,2],[1,1],[1,2],[0,2]]
abdom, [[1,3],[2,2],[3,3],[4,3],[3,4]]
abdomen, [[1,3],[2,2],[3,3],[4,3],[3,4],[2,5],[1,5]]
abduct, [[1,3],[2,2],[3,3],[4,4],[4,5],[3,5]]
abduce, [[1,3],[2,2],[3,3],[4,4],[5,3],[6,4]]
abduces, [[1,3],[2,2],[3,3],[4,4],[5,3],[6,4],[7,5]]
atle, [[1,3],[2,4],[1,4],[2,5]]
atmo, [[1,3],[2,4],[3,4],[4,3]]
aten, [[1,3],[2,4],[2,5],[1,5]]
atelo, [[1,3],[2,4],[2,5],[1,4],[0,5]]
atte, [[1,3],[2,4],[3,5],[2,5]]
lauan, [[1,4],[1,3],[1,2],[1,1],[2,1]]
laur, [[1,4],[1,3],[1,2],[0,1]]
laura, [[1,4],[1,3],[1,2],[0,1],[1,1]]
laurae, [[1,4],[1,3],[1,2],[0,1],[1,1],[0,2]]
laure, [[1,4],[1,3],[1,2],[0,1],[0,2]]
laurel, [[1,4],[1,3],[1,2],[0,1],[0,2],[0,3]]
laun, [[1,4],[1,3],[1,2],[2,1]]
laund, [[1,4],[1,3],[1,2],[2,1],[1,0]]
launch, [[1,4],[1,3],[1,2],[2,1],[3,2],[2,3]]
laban, [[1,4],[1,3],[2,2],[1,1],[2,1]]
lath, [[1,4],[1,3],[2,4],[2,3]]
late, [[1,4],[1,3],[2,4],[2,5]]
laten, [[1,4],[1,3],[2,4],[2,5],[1,5]]
latten, [[1,4],[1,3],[2,4],[3,5],[2,5],[1,5]]
lleu, [[1,4],[0,3],[0,2],[1,2]]
ller, [[1,4],[0,3],[0,2],[0,1]]
lone, [[1,4],[0,5],[1,5],[2,5]]
loca, [[1,4],[0,5],[0,4],[1,3]]
local, [[1,4],[0,5],[0,4],[1,3],[0,3]]
locale, [[1,4],[0,5],[0,4],[1,3],[0,3],[0,2]]
locate, [[1,4],[0,5],[0,4],[1,3],[2,4],[2,5]]
locn, [[1,4],[0,5],[0,4],[1,5]]
leno, [[1,4],[2,5],[1,5],[0,5]]
lenca, [[1,4],[2,5],[1,5],[0,4],[1,3]]
lent, [[1,4],[2,5],[1,5],[2,4]]
lenth, [[1,4],[2,5],[1,5],[2,4],[2,3]]
letch, [[1,4],[2,5],[3,5],[4,5],[5,5]]
letches, [[1,4],[2,5],[3,5],[4,5],[5,5],[6,4],[7,5]]
lett, [[1,4],[2,5],[3,5],[2,4]]
lethal, [[1,4],[2,5],[2,4],[2,3],[1,3],[0,3]]
lett, [[1,4],[2,5],[2,4],[3,5]]
lettuce, [[1,4],[2,5],[2,4],[3,5],[4,4],[5,3],[6,4]]
lettuces, [[1,4],[2,5],[2,4],[3,5],[4,4],[5,3],[6,4],[7,5]]
lemon, [[1,4],[2,5],[3,4],[4,3],[5,2]]
nolt, [[1,5],[0,5],[1,4],[2,4]]
noll, [[1,5],[0,5],[1,4],[0,3]]
nolle, [[1,5],[0,5],[1,4],[0,3],[0,2]]
nett, [[1,5],[2,5],[3,5],[2,4]]
neth, [[1,5],[2,5],[2,4],[2,3]]
nett, [[1,5],[2,5],[2,4],[3,5]]
nell, [[1,5],[2,5],[1,4],[0,3]]
nemo, [[1,5],[2,5],[3,4],[4,3]]
henad, [[2,0],[3,0],[2,1],[1,1],[1,0]]
heng, [[2,0],[3,0],[2,1],[3,1]]
hend, [[2,0],[3,0],[2,1],[1,0]]
henchmen, [[2,0],[3,0],[2,1],[3,2],[2,3],[3,4],[2,5],[1,5]]
heuch, [[2,0],[3,0],[4,1],[3,2],[2,3]]
harb, [[2,0],[1,1],[0,1],[0,0]]
hare, [[2,0],[1,1],[0,1],[0,2]]
hard, [[2,0],[1,1],[0,1],[1,0]]
hang, [[2,0],[1,1],[2,1],[3,1]]
hange, [[2,0],[1,1],[2,1],[3,1],[3,0]]
hand, [[2,0],[1,1],[2,1],[1,0]]
hanch, [[2,0],[1,1],[2,1],[3,2],[2,3]]
haul, [[2,0],[1,1],[1,2],[0,3]]
hauler, [[2,0],[1,1],[1,2],[0,3],[0,2],[0,1]]
haunch, [[2,0],[1,1],[1,2],[2,1],[3,2],[2,3]]
habu, [[2,0],[1,1],[2,2],[1,2]]
nare, [[2,1],[1,1],[0,1],[0,2]]
nard, [[2,1],[1,1],[0,1],[1,0]]
naur, [[2,1],[1,1],[1,2],[0,1]]
nael, [[2,1],[1,1],[0,2],[0,3]]
nabu, [[2,1],[1,1],[2,2],[1,2]]
nabal, [[2,1],[1,1],[2,2],[1,3],[0,3]]
nabal, [[2,1],[1,1],[2,2],[1,3],[1,4]]
nuba, [[2,1],[1,2],[2,2],[1,1]]
nuba, [[2,1],[1,2],[2,2],[1,3]]
null, [[2,1],[1,2],[0,3],[1,4]]
nullah, [[2,1],[1,2],[0,3],[1,4],[1,3],[2,3]]
nullo, [[2,1],[1,2],[0,3],[1,4],[0,5]]
negoce, [[2,1],[3,0],[3,1],[4,2],[5,3],[6,4]]
bual, [[2,2],[1,2],[1,3],[0,3]]
bual, [[2,2],[1,2],[1,3],[1,4]]
buat, [[2,2],[1,2],[1,3],[2,4]]
bura, [[2,2],[1,2],[0,1],[1,1]]
buran, [[2,2],[1,2],[0,1],[1,1],[2,1]]
bure, [[2,2],[1,2],[0,1],[0,2]]
burel, [[2,2],[1,2],[0,1],[0,2],[0,3]]
burelle, [[2,2],[1,2],[0,1],[0,2],[0,3],[1,4],[2,5]]
burd, [[2,2],[1,2],[0,1],[1,0]]
bull, [[2,2],[1,2],[0,3],[1,4]]
bulla, [[2,2],[1,2],[0,3],[1,4],[1,3]]
bullae, [[2,2],[1,2],[0,3],[1,4],[1,3],[0,2]]
bullate, [[2,2],[1,2],[0,3],[1,4],[1,3],[2,4],[2,5]]
bullet, [[2,2],[1,2],[0,3],[1,4],[2,5],[3,5]]
bullet, [[2,2],[1,2],[0,3],[1,4],[2,5],[2,4]]
buna, [[2,2],[1,2],[2,1],[1,1]]
bung, [[2,2],[1,2],[2,1],[3,1]]
bungo, [[2,2],[1,2],[2,1],[3,1],[4,2]]
bund, [[2,2],[1,2],[2,1],[1,0]]
bundh, [[2,2],[1,2],[2,1],[1,0],[2,0]]
bunda, [[2,2],[1,2],[2,1],[1,0],[1,1]]
bunco, [[2,2],[1,2],[2,1],[3,2],[4,2]]
bunch, [[2,2],[1,2],[2,1],[3,2],[2,3]]
bunco, [[2,2],[1,2],[2,1],[3,2],[4,3]]
buhl, [[2,2],[1,2],[2,3],[1,4]]
bhalu, [[2,2],[2,3],[1,3],[0,3],[1,2]]
bhat, [[2,2],[2,3],[1,3],[2,4]]
barb, [[2,2],[1,1],[0,1],[0,0]]
bare, [[2,2],[1,1],[0,1],[0,2]]
bard, [[2,2],[1,1],[0,1],[1,0]]
baru, [[2,2],[1,1],[0,1],[1,2]]
bang, [[2,2],[1,1],[2,1],[3,1]]
bange, [[2,2],[1,1],[2,1],[3,1],[3,0]]
band, [[2,2],[1,1],[2,1],[1,0]]
bandh, [[2,2],[1,1],[2,1],[1,0],[2,0]]
bane, [[2,2],[1,1],[2,1],[3,0]]
banc, [[2,2],[1,1],[2,1],[3,2]]
banco, [[2,2],[1,1],[2,1],[3,2],[4,2]]
bancha, [[2,2],[1,1],[2,1],[3,2],[2,3],[1,3]]
banco, [[2,2],[1,1],[2,1],[3,2],[4,3]]
baure, [[2,2],[1,1],[1,2],[0,1],[0,2]]
baul, [[2,2],[1,1],[1,2],[0,3]]
baulea, [[2,2],[1,1],[1,2],[0,3],[0,2],[1,3]]
bauleah, [[2,2],[1,1],[1,2],[0,3],[0,2],[1,3],[2,3]]
baun, [[2,2],[1,1],[1,2],[2,1]]
bael, [[2,2],[1,1],[0,2],[0,3]]
bale, [[2,2],[1,3],[0,3],[0,2]]
baler, [[2,2],[1,3],[0,3],[0,2],[0,1]]
balcon, [[2,2],[1,3],[0,3],[0,4],[0,5],[1,5]]
balcone, [[2,2],[1,3],[0,3],[0,4],[0,5],[1,5],[2,5]]
balconet, [[2,2],[1,3],[0,3],[0,4],[0,5],[1,5],[2,5],[3,5]]
balconet, [[2,2],[1,3],[0,3],[0,4],[0,5],[1,5],[2,5],[2,4]]
balu, [[2,2],[1,3],[0,3],[1,2]]
balun, [[2,2],[1,3],[0,3],[1,2],[2,1]]
balunda, [[2,2],[1,3],[0,3],[1,2],[2,1],[1,0],[1,1]]
ball, [[2,2],[1,3],[0,3],[1,4]]
ballo, [[2,2],[1,3],[0,3],[1,4],[0,5]]
ballon, [[2,2],[1,3],[0,3],[1,4],[0,5],[1,5]]
ballone, [[2,2],[1,3],[0,3],[1,4],[0,5],[1,5],[2,5]]
ballonet, [[2,2],[1,3],[0,3],[1,4],[0,5],[1,5],[2,5],[3,5]]
ballonet, [[2,2],[1,3],[0,3],[1,4],[0,5],[1,5],[2,5],[2,4]]
ballet, [[2,2],[1,3],[0,3],[1,4],[2,5],[3,5]]
ballett, [[2,2],[1,3],[0,3],[1,4],[2,5],[3,5],[2,4]]
ballet, [[2,2],[1,3],[0,3],[1,4],[2,5],[2,4]]
ballett, [[2,2],[1,3],[0,3],[1,4],[2,5],[2,4],[3,5]]
baht, [[2,2],[1,3],[2,3],[2,4]]
bahur, [[2,2],[1,3],[2,3],[1,2],[0,1]]
bauera, [[2,2],[1,3],[1,2],[0,2],[0,1],[1,1]]
baure, [[2,2],[1,3],[1,2],[0,1],[0,2]]
baul, [[2,2],[1,3],[1,2],[0,3]]
baulea, [[2,2],[1,3],[1,2],[0,3],[0,2],[1,1]]
bauleah, [[2,2],[1,3],[1,2],[0,3],[0,2],[1,1],[2,0]]
baun, [[2,2],[1,3],[1,2],[2,1]]
balcon, [[2,2],[1,3],[1,4],[0,4],[0,5],[1,5]]
balcone, [[2,2],[1,3],[1,4],[0,4],[0,5],[1,5],[2,5]]
balconet, [[2,2],[1,3],[1,4],[0,4],[0,5],[1,5],[2,5],[3,5]]
balconet, [[2,2],[1,3],[1,4],[0,4],[0,5],[1,5],[2,5],[2,4]]
balt, [[2,2],[1,3],[1,4],[2,4]]
ball, [[2,2],[1,3],[1,4],[0,3]]
baller, [[2,2],[1,3],[1,4],[0,3],[0,2],[0,1]]
balon, [[2,2],[1,3],[1,4],[0,5],[1,5]]
bale, [[2,2],[1,3],[1,4],[2,5]]
bael, [[2,2],[1,3],[0,2],[0,3]]
bacon, [[2,2],[1,3],[0,4],[0,5],[1,5]]
batlon, [[2,2],[1,3],[2,4],[1,4],[0,5],[1,5]]
batlet, [[2,2],[1,3],[2,4],[1,4],[2,5],[3,5]]
batmen, [[2,2],[1,3],[2,4],[3,4],[2,5],[1,5]]
bath, [[2,2],[1,3],[2,4],[2,3]]
bate, [[2,2],[1,3],[2,4],[2,5]]
batel, [[2,2],[1,3],[2,4],[2,5],[1,4]]
batell, [[2,2],[1,3],[2,4],[2,5],[1,4],[0,3]]
batt, [[2,2],[1,3],[2,4],[3,5]]
batten, [[2,2],[1,3],[2,4],[3,5],[2,5],[1,5]]
battel, [[2,2],[1,3],[2,4],[3,5],[2,5],[1,4]]
battu, [[2,2],[1,3],[2,4],[3,5],[4,4]]
hale, [[2,3],[1,3],[0,3],[0,2]]
haler, [[2,3],[1,3],[0,3],[0,2],[0,1]]
haleru, [[2,3],[1,3],[0,3],[0,2],[0,1],[1,2]]
hall, [[2,3],[1,3],[0,3],[1,4]]
hallo, [[2,3],[1,3],[0,3],[1,4],[0,5]]
haul, [[2,3],[1,3],[1,2],[0,3]]
hauler, [[2,3],[1,3],[1,2],[0,3],[0,2],[0,1]]
halt, [[2,3],[1,3],[1,4],[2,4]]
halte, [[2,3],[1,3],[1,4],[2,4],[2,5]]
hall, [[2,3],[1,3],[1,4],[0,3]]
halo, [[2,3],[1,3],[1,4],[0,5]]
hale, [[2,3],[1,3],[1,4],[2,5]]
habu, [[2,3],[1,3],[2,2],[1,2]]
habnab, [[2,3],[1,3],[2,2],[2,1],[1,1],[0,0]]
habab, [[2,3],[1,3],[2,2],[1,1],[0,0]]
hate, [[2,3],[1,3],[2,4],[2,5]]
hatel, [[2,3],[1,3],[2,4],[2,5],[1,4]]
hatt, [[2,3],[1,3],[2,4],[3,5]]
hatte, [[2,3],[1,3],[2,4],[3,5],[2,5]]
htel, [[2,3],[2,4],[2,5],[1,4]]
huer, [[2,3],[1,2],[0,2],[0,1]]
huaco, [[2,3],[1,2],[1,3],[0,4],[0,5]]
hura, [[2,3],[1,2],[0,1],[1,1]]
hure, [[2,3],[1,2],[0,1],[0,2]]
hula, [[2,3],[1,2],[0,3],[1,3]]
hull, [[2,3],[1,2],[0,3],[1,4]]
hullo, [[2,3],[1,2],[0,3],[1,4],[0,5]]
hung, [[2,3],[1,2],[2,1],[3,1]]
hunh, [[2,3],[1,2],[2,1],[2,0]]
hund, [[2,3],[1,2],[2,1],[1,0]]
tlaco, [[2,4],[1,4],[1,3],[0,4],[0,5]]
thaler, [[2,4],[2,3],[1,3],[0,3],[0,2],[0,1]]
thae, [[2,4],[2,3],[1,3],[0,2]]
thuban, [[2,4],[2,3],[1,2],[2,2],[1,1],[2,1]]
thuan, [[2,4],[2,3],[1,2],[1,1],[2,1]]
thule, [[2,4],[2,3],[1,2],[0,3],[0,2]]
thunar, [[2,4],[2,3],[1,2],[2,1],[1,1],[0,1]]
thung, [[2,4],[2,3],[1,2],[2,1],[3,1]]
thunge, [[2,4],[2,3],[1,2],[2,1],[3,1],[3,0]]
thund, [[2,4],[2,3],[1,2],[2,1],[1,0]]
tenla, [[2,4],[2,5],[1,5],[1,4],[1,3]]
tetch, [[2,4],[2,5],[3,5],[4,5],[5,5]]
tetum, [[2,4],[2,5],[3,5],[4,4],[3,4]]
tela, [[2,4],[2,5],[1,4],[1,3]]
telae, [[2,4],[2,5],[1,4],[1,3],[0,2]]
tell, [[2,4],[2,5],[1,4],[0,3]]
teller, [[2,4],[2,5],[1,4],[0,3],[0,2],[0,1]]
tale, [[2,4],[1,3],[0,3],[0,2]]
taler, [[2,4],[1,3],[0,3],[0,2],[0,1]]
talc, [[2,4],[1,3],[0,3],[0,4]]
tall, [[2,4],[1,3],[0,3],[1,4]]
tallet, [[2,4],[1,3],[0,3],[1,4],[2,5],[3,5]]
tahua, [[2,4],[1,3],[2,3],[1,2],[1,1]]
taur, [[2,4],[1,3],[1,2],[0,1]]
taurean, [[2,4],[1,3],[1,2],[0,1],[0,2],[1,1],[2,1]]
taun, [[2,4],[1,3],[1,2],[2,1]]
talc, [[2,4],[1,3],[1,4],[0,4]]
tall, [[2,4],[1,3],[1,4],[0,3]]
taller, [[2,4],[1,3],[1,4],[0,3],[0,2],[0,1]]
talon, [[2,4],[1,3],[1,4],[0,5],[1,5]]
tale, [[2,4],[1,3],[1,4],[2,5]]
tael, [[2,4],[1,3],[0,2],[0,3]]
taco, [[2,4],[1,3],[0,4],[0,5]]
tabu, [[2,4],[1,3],[2,2],[1,2]]
tabule, [[2,4],[1,3],[2,2],[1,2],[0,3],[0,2]]
tabard, [[2,4],[1,3],[2,2],[1,1],[0,1],[1,0]]
taband, [[2,4],[1,3],[2,2],[1,1],[2,1],[1,0]]
enol, [[2,5],[1,5],[0,5],[1,4]]
enlaurel, [[2,5],[1,5],[1,4],[1,3],[1,2],[0,1],[0,2],[0,3]]
encl, [[2,5],[1,5],[0,4],[1,4]]
encl, [[2,5],[1,5],[0,4],[0,3]]
enclear, [[2,5],[1,5],[0,4],[0,3],[0,2],[1,1],[0,1]]
ental, [[2,5],[1,5],[2,4],[1,3],[0,3]]
ental, [[2,5],[1,5],[2,4],[1,3],[1,4]]
etch, [[2,5],[3,5],[4,5],[5,5]]
etches, [[2,5],[3,5],[4,5],[5,5],[6,4],[7,5]]
etta, [[2,5],[3,5],[2,4],[1,3]]
etui, [[2,5],[3,5],[4,4],[5,4]]
ethal, [[2,5],[2,4],[2,3],[1,3],[0,3]]
ethal, [[2,5],[2,4],[2,3],[1,3],[1,4]]
etalon, [[2,5],[2,4],[1,3],[1,4],[0,5],[1,5]]
ella, [[2,5],[1,4],[0,3],[1,3]]
elle, [[2,5],[1,4],[0,3],[0,2]]
elon, [[2,5],[1,4],[0,5],[1,5]]
egba, [[3,0],[4,0],[5,1],[5,0]]
egbo, [[3,0],[4,0],[5,1],[4,2]]
egba, [[3,0],[3,1],[2,2],[1,1]]
egba, [[3,0],[3,1],[2,2],[1,3]]
engobe, [[3,0],[2,1],[3,1],[4,2],[5,1],[6,1]]
enure, [[3,0],[2,1],[1,2],[0,1],[0,2]]
eucone, [[3,0],[4,1],[3,2],[4,2],[5,2],[6,1]]
eucone, [[3,0],[4,1],[3,2],[4,3],[5,2],[6,1]]
gnar, [[3,1],[2,1],[1,1],[0,1]]
gneu, [[3,1],[2,1],[3,0],[4,1]]
guaba, [[3,1],[4,1],[5,0],[6,0],[7,0]]
gunebo, [[3,1],[4,1],[5,2],[6,1],[5,1],[4,2]]
guna, [[3,1],[4,1],[5,2],[6,3]]
gena, [[3,1],[3,0],[2,1],[1,1]]
genae, [[3,1],[3,0],[2,1],[1,1],[0,2]]
genu, [[3,1],[3,0],[2,1],[1,2]]
genua, [[3,1],[3,0],[2,1],[1,2],[1,1]]
genua, [[3,1],[3,0],[2,1],[1,2],[1,3]]
genual, [[3,1],[3,0],[2,1],[1,2],[1,3],[0,3]]
genual, [[3,1],[3,0],[2,1],[1,2],[1,3],[1,4]]
gheg, [[3,1],[2,0],[3,0],[4,0]]
ghan, [[3,1],[2,0],[1,1],[2,1]]
gone, [[3,1],[4,2],[5,2],[6,1]]
goney, [[3,1],[4,2],[5,2],[6,1],[7,2]]
gona, [[3,1],[4,2],[5,2],[6,3]]
gonal, [[3,1],[4,2],[5,2],[6,3],[7,3]]
gouge, [[3,1],[4,2],[4,1],[4,0],[3,0]]
good, [[3,1],[4,2],[4,3],[3,3]]
goodmen, [[3,1],[4,2],[4,3],[3,3],[3,4],[2,5],[1,5]]
goon, [[3,1],[4,2],[4,3],[5,2]]
gooney, [[3,1],[4,2],[4,3],[5,2],[6,1],[7,2]]
gobbe, [[3,1],[4,2],[5,1],[6,0],[6,1]]
conc, [[3,2],[4,2],[5,2],[5,3]]
concio, [[3,2],[4,2],[5,2],[5,3],[5,4],[4,3]]
conceal, [[3,2],[4,2],[5,2],[5,3],[6,4],[6,3],[7,3]]
cone, [[3,2],[4,2],[5,2],[6,1]]
coney, [[3,2],[4,2],[5,2],[6,1],[7,2]]
conal, [[3,2],[4,2],[5,2],[6,3],[7,3]]
cougnar, [[3,2],[4,2],[4,1],[3,1],[2,1],[1,1],[0,1]]
cough, [[3,2],[4,2],[4,1],[3,1],[2,0]]
coue, [[3,2],[4,2],[4,1],[3,0]]
coom, [[3,2],[4,2],[4,3],[3,4]]
coon, [[3,2],[4,2],[4,3],[5,2]]
cogue, [[3,2],[4,2],[3,1],[4,1],[3,0]]
codo, [[3,2],[4,2],[3,3],[4,3]]
codon, [[3,2],[4,2],[3,3],[4,3],[5,2]]
cobaea, [[3,2],[4,2],[5,1],[5,0],[6,1],[7,0]]
cobb, [[3,2],[4,2],[5,1],[6,0]]
coco, [[3,2],[4,2],[5,3],[4,3]]
cocona, [[3,2],[4,2],[5,3],[4,3],[5,2],[6,3]]
coca, [[3,2],[4,2],[5,3],[6,3]]
chal, [[3,2],[2,3],[1,3],[0,3]]
chalcon, [[3,2],[2,3],[1,3],[0,3],[0,4],[0,5],[1,5]]
chalcone, [[3,2],[2,3],[1,3],[0,3],[0,4],[0,5],[1,5],[2,5]]
chaule, [[3,2],[2,3],[1,3],[1,2],[0,3],[0,2]]
chauna, [[3,2],[2,3],[1,3],[1,2],[2,1],[1,1]]
chal, [[3,2],[2,3],[1,3],[1,4]]
chalcon, [[3,2],[2,3],[1,3],[1,4],[0,4],[0,5],[1,5]]
chalcone, [[3,2],[2,3],[1,3],[1,4],[0,4],[0,5],[1,5],[2,5]]
chalon, [[3,2],[2,3],[1,3],[1,4],[0,5],[1,5]]
chalone, [[3,2],[2,3],[1,3],[1,4],[0,5],[1,5],[2,5]]
chalet, [[3,2],[2,3],[1,3],[1,4],[2,5],[3,5]]
chalet, [[3,2],[2,3],[1,3],[1,4],[2,5],[2,4]]
chac, [[3,2],[2,3],[1,3],[0,4]]
chaco, [[3,2],[2,3],[1,3],[0,4],[0,5]]
chab, [[3,2],[2,3],[1,3],[2,2]]
chat, [[3,2],[2,3],[1,3],[2,4]]
chattel, [[3,2],[2,3],[1,3],[2,4],[3,5],[2,5],[1,4]]
chub, [[3,2],[2,3],[1,2],[2,2]]
churel, [[3,2],[2,3],[1,2],[0,1],[0,2],[0,3]]
chullo, [[3,2],[2,3],[1,2],[0,3],[1,4],[0,5]]
chun, [[3,2],[2,3],[1,2],[2,1]]
chung, [[3,2],[2,3],[1,2],[2,1],[3,1]]
cube, [[3,2],[4,1],[5,1],[6,1]]
cubeb, [[3,2],[4,1],[5,1],[6,1],[6,0]]
cuba, [[3,2],[4,1],[5,1],[5,0]]
cubage, [[3,2],[4,1],[5,1],[5,0],[4,0],[3,0]]
cuon, [[3,2],[4,1],[4,2],[5,2]]
cunea, [[3,2],[4,1],[5,2],[6,1],[5,0]]
cunea, [[3,2],[4,1],[5,2],[6,1],[7,0]]
cuna, [[3,2],[4,1],[5,2],[6,3]]
codo, [[3,2],[4,3],[3,3],[4,2]]
codon, [[3,2],[4,3],[3,3],[4,2],[5,2]]
coca, [[3,2],[4,3],[5,3],[6,3]]
coco, [[3,2],[4,3],[5,3],[4,2]]
cocona, [[3,2],[4,3],[5,3],[4,2],[5,2],[6,3]]
coon, [[3,2],[4,3],[4,2],[5,2]]
cooba, [[3,2],[4,3],[4,2],[5,1],[5,0]]
couch, [[3,2],[4,3],[4,4],[4,5],[5,5]]
couche, [[3,2],[4,3],[4,4],[4,5],[5,5],[6,4]]
couches, [[3,2],[4,3],[4,4],[4,5],[5,5],[6,4],[7,5]]
coud, [[3,2],[4,3],[4,4],[3,3]]
coutet, [[3,2],[4,3],[4,4],[3,5],[2,5],[2,4]]
coutel, [[3,2],[4,3],[4,4],[3,5],[2,5],[1,4]]
coutelle, [[3,2],[4,3],[4,4],[3,5],[2,5],[1,4],[0,3],[0,2]]
coucal, [[3,2],[4,3],[4,4],[5,3],[6,3],[7,3]]
comte, [[3,2],[4,3],[3,4],[2,4],[2,5]]
comd, [[3,2],[4,3],[3,4],[3,3]]
comdt, [[3,2],[4,3],[3,4],[3,3],[2,4]]
comte, [[3,2],[4,3],[3,4],[3,5],[2,5]]
come, [[3,2],[4,3],[3,4],[2,5]]
comet, [[3,2],[4,3],[3,4],[2,5],[3,5]]
comet, [[3,2],[4,3],[3,4],[2,5],[2,4]]
cometh, [[3,2],[4,3],[3,4],[2,5],[2,4],[2,3]]
conc, [[3,2],[4,3],[5,2],[5,3]]
conceal, [[3,2],[4,3],[5,2],[5,3],[6,4],[6,3],[7,3]]
cone, [[3,2],[4,3],[5,2],[6,1]]
coney, [[3,2],[4,3],[5,2],[6,1],[7,2]]
conal, [[3,2],[4,3],[5,2],[6,3],[7,3]]
dhal, [[3,3],[2,3],[1,3],[0,3]]
dhaura, [[3,3],[2,3],[1,3],[1,2],[0,1],[1,1]]
dhal, [[3,3],[2,3],[1,3],[1,4]]
document, [[3,3],[4,3],[5,3],[4,4],[3,4],[2,5],[1,5],[2,4]]
documental, [[3,3],[4,3],[5,3],[4,4],[3,4],[2,5],[1,5],[2,4],[1,3],[0,3]]
documental, [[3,3],[4,3],[5,3],[4,4],[3,4],[2,5],[1,5],[2,4],[1,3],[1,4]]
docmac, [[3,3],[4,3],[5,3],[6,2],[6,3],[7,4]]
doon, [[3,3],[4,3],[4,2],[5,2]]
doob, [[3,3],[4,3],[4,2],[5,1]]
doum, [[3,3],[4,3],[4,4],[3,4]]
douc, [[3,3],[4,3],[4,4],[4,5]]
douche, [[3,3],[4,3],[4,4],[4,5],[5,5],[6,4]]
douches, [[3,3],[4,3],[4,4],[4,5],[5,5],[6,4],[7,5]]
dout, [[3,3],[4,3],[4,4],[3,5]]
douc, [[3,3],[4,3],[4,4],[5,3]]
douce, [[3,3],[4,3],[4,4],[5,3],[6,4]]
doucely, [[3,3],[4,3],[4,4],[5,3],[6,4],[7,3],[7,2]]
dome, [[3,3],[4,3],[3,4],[2,5]]
doment, [[3,3],[4,3],[3,4],[2,5],[1,5],[2,4]]
domett, [[3,3],[4,3],[3,4],[2,5],[3,5],[2,4]]
domett, [[3,3],[4,3],[3,4],[2,5],[2,4],[3,5]]
done, [[3,3],[4,3],[5,2],[6,1]]
donec, [[3,3],[4,3],[5,2],[6,1],[7,1]]
doney, [[3,3],[4,3],[5,2],[6,1],[7,2]]
dona, [[3,3],[4,3],[5,2],[6,3]]
donal, [[3,3],[4,3],[5,2],[6,3],[7,3]]
done, [[3,3],[4,2],[5,2],[6,1]]
donec, [[3,3],[4,2],[5,2],[6,1],[7,1]]
doney, [[3,3],[4,2],[5,2],[6,1],[7,2]]
dona, [[3,3],[4,2],[5,2],[6,3]]
donal, [[3,3],[4,2],[5,2],[6,3],[7,3]]
doug, [[3,3],[4,2],[4,1],[3,1]]
dough, [[3,3],[4,2],[4,1],[3,1],[2,0]]
doub, [[3,3],[4,2],[4,1],[5,1]]
doug, [[3,3],[4,2],[4,1],[4,0]]
douc, [[3,3],[4,2],[4,1],[3,2]]
doom, [[3,3],[4,2],[4,3],[3,4]]
doon, [[3,3],[4,2],[4,3],[5,2]]
doge, [[3,3],[4,2],[3,1],[3,0]]
dogbane, [[3,3],[4,2],[3,1],[2,2],[1,1],[2,1],[3,0]]
dobe, [[3,3],[4,2],[5,1],[6,1]]
document, [[3,3],[4,2],[5,3],[4,4],[3,4],[2,5],[1,5],[2,4]]
documental, [[3,3],[4,2],[5,3],[4,4],[3,4],[2,5],[1,5],[2,4],[1,3],[0,3]]
documental, [[3,3],[4,2],[5,3],[4,4],[3,4],[2,5],[1,5],[2,4],[1,3],[1,4]]
docmac, [[3,3],[4,2],[5,3],[6,2],[6,3],[7,4]]
duct, [[3,3],[4,4],[4,5],[3,5]]
duchies, [[3,3],[4,4],[4,5],[5,5],[5,4],[6,4],[7,5]]
duci, [[3,3],[4,4],[4,5],[5,4]]
dutch, [[3,3],[4,4],[3,5],[4,5],[5,5]]
duco, [[3,3],[4,4],[5,3],[4,3]]
ducal, [[3,3],[4,4],[5,3],[6,3],[7,3]]
duci, [[3,3],[4,4],[5,3],[5,4]]
duco, [[3,3],[4,4],[5,3],[4,2]]
duce, [[3,3],[4,4],[5,3],[6,4]]
duces, [[3,3],[4,4],[5,3],[6,4],[7,5]]
muon, [[3,4],[4,4],[4,3],[5,2]]
much, [[3,4],[4,4],[4,5],[5,5]]
muchel, [[3,4],[4,4],[4,5],[5,5],[6,4],[7,3]]
muches, [[3,4],[4,4],[4,5],[5,5],[6,4],[7,5]]
mucic, [[3,4],[4,4],[4,5],[5,4],[5,3]]
mute, [[3,4],[4,4],[3,5],[2,5]]
mutch, [[3,4],[4,4],[3,5],[4,5],[5,5]]
mutches, [[3,4],[4,4],[3,5],[4,5],[5,5],[6,4],[7,5]]
mutt, [[3,4],[4,4],[3,5],[2,4]]
mutten, [[3,4],[4,4],[3,5],[2,4],[2,5],[1,5]]
mucic, [[3,4],[4,4],[5,3],[5,4],[4,5]]
meno, [[3,4],[2,5],[1,5],[0,5]]
ment, [[3,4],[2,5],[1,5],[2,4]]
mentha, [[3,4],[2,5],[1,5],[2,4],[2,3],[1,3]]
menta, [[3,4],[2,5],[1,5],[2,4],[1,3]]
mental, [[3,4],[2,5],[1,5],[2,4],[1,3],[0,3]]
mental, [[3,4],[2,5],[1,5],[2,4],[1,3],[1,4]]
meth, [[3,4],[2,5],[2,4],[2,3]]
meta, [[3,4],[2,5],[2,4],[1,3]]
metal, [[3,4],[2,5],[2,4],[1,3],[0,3]]
metaler, [[3,4],[2,5],[2,4],[1,3],[0,3],[0,2],[0,1]]
metall, [[3,4],[2,5],[2,4],[1,3],[0,3],[1,4]]
metal, [[3,4],[2,5],[2,4],[1,3],[1,4]]
metall, [[3,4],[2,5],[2,4],[1,3],[1,4],[0,3]]
metaller, [[3,4],[2,5],[2,4],[1,3],[1,4],[0,3],[0,2],[0,1]]
metae, [[3,4],[2,5],[2,4],[1,3],[0,2]]
melt, [[3,4],[2,5],[1,4],[2,4]]
mela, [[3,4],[2,5],[1,4],[1,3]]
mell, [[3,4],[2,5],[1,4],[0,3]]
mellah, [[3,4],[2,5],[1,4],[0,3],[1,3],[2,3]]
meller, [[3,4],[2,5],[1,4],[0,3],[0,2],[0,1]]
melon, [[3,4],[2,5],[1,4],[0,5],[1,5]]
modo, [[3,4],[4,3],[3,3],[4,2]]
modoc, [[3,4],[4,3],[3,3],[4,2],[3,2]]
modoc, [[3,4],[4,3],[3,3],[4,2],[5,3]]
moca, [[3,4],[4,3],[5,3],[6,3]]
moco, [[3,4],[4,3],[5,3],[4,2]]
mooch, [[3,4],[4,3],[4,2],[3,2],[2,3]]
moocha, [[3,4],[4,3],[4,2],[3,2],[2,3],[1,3]]
moon, [[3,4],[4,3],[4,2],[5,2]]
moonal, [[3,4],[4,3],[4,2],[5,2],[6,3],[7,3]]
mood, [[3,4],[4,3],[4,2],[3,3]]
mouch, [[3,4],[4,3],[4,4],[4,5],[5,5]]
mouche, [[3,4],[4,3],[4,4],[4,5],[5,5],[6,4]]
mouches, [[3,4],[4,3],[4,4],[4,5],[5,5],[6,4],[7,5]]
moud, [[3,4],[4,3],[4,4],[3,3]]
mout, [[3,4],[4,3],[4,4],[3,5]]
moco, [[3,4],[4,3],[3,2],[4,2]]
mocha, [[3,4],[4,3],[3,2],[2,3],[1,3]]
mono, [[3,4],[4,3],[5,2],[4,2]]
mone, [[3,4],[4,3],[5,2],[6,1]]
money, [[3,4],[4,3],[5,2],[6,1],[7,2]]
mona, [[3,4],[4,3],[5,2],[6,3]]
monaco, [[3,4],[4,3],[5,2],[6,3],[5,3],[4,2]]
monal, [[3,4],[4,3],[5,2],[6,3],[7,3]]
tenla, [[3,5],[2,5],[1,5],[1,4],[1,3]]
tent, [[3,5],[2,5],[1,5],[2,4]]
tenth, [[3,5],[2,5],[1,5],[2,4],[2,3]]
tentacle, [[3,5],[2,5],[1,5],[2,4],[1,3],[0,4],[0,3],[0,2]]
teth, [[3,5],[2,5],[2,4],[2,3]]
telt, [[3,5],[2,5],[1,4],[2,4]]
tela, [[3,5],[2,5],[1,4],[1,3]]
telae, [[3,5],[2,5],[1,4],[1,3],[0,2]]
tell, [[3,5],[2,5],[1,4],[0,3]]
teller, [[3,5],[2,5],[1,4],[0,3],[0,2],[0,1]]
tchi, [[3,5],[4,5],[5,5],[5,4]]
tchu, [[3,5],[4,5],[5,5],[4,4]]
tche, [[3,5],[4,5],[5,5],[6,4]]
tume, [[3,5],[4,4],[3,4],[2,5]]
tucano, [[3,5],[4,4],[5,3],[6,3],[5,2],[4,2]]
tucano, [[3,5],[4,4],[5,3],[6,3],[5,2],[4,3]]
gena, [[4,0],[3,0],[2,1],[1,1]]
genae, [[4,0],[3,0],[2,1],[1,1],[0,2]]
genu, [[4,0],[3,0],[2,1],[1,2]]
genua, [[4,0],[3,0],[2,1],[1,2],[1,1]]
genua, [[4,0],[3,0],[2,1],[1,2],[1,3]]
genual, [[4,0],[3,0],[2,1],[1,2],[1,3],[0,3]]
genual, [[4,0],[3,0],[2,1],[1,2],[1,3],[1,4]]
gabe, [[4,0],[5,0],[6,0],[6,1]]
gabe, [[4,0],[5,0],[5,1],[6,1]]
gabon, [[4,0],[5,0],[5,1],[4,2],[5,2]]
gaboon, [[4,0],[5,0],[5,1],[4,2],[4,3],[5,2]]
gauge, [[4,0],[5,0],[4,1],[3,1],[3,0]]
gaub, [[4,0],[5,0],[4,1],[5,1]]
gaun, [[4,0],[5,0],[4,1],[5,2]]
gaen, [[4,0],[5,0],[6,1],[5,2]]
gaea, [[4,0],[5,0],[6,1],[7,0]]
guaba, [[4,0],[4,1],[5,0],[6,0],[7,0]]
gunebo, [[4,0],[4,1],[5,2],[6,1],[5,1],[4,2]]
guna, [[4,0],[4,1],[5,2],[6,3]]
unbe, [[4,1],[5,2],[5,1],[6,1]]
unbag, [[4,1],[5,2],[5,1],[5,0],[4,0]]
unbog, [[4,1],[5,2],[5,1],[4,2],[3,1]]
unco, [[4,1],[5,2],[5,3],[4,3]]
uncouch, [[4,1],[5,2],[5,3],[4,3],[4,4],[4,5],[5,5]]
uncome, [[4,1],[5,2],[5,3],[4,3],[3,4],[2,5]]
unca, [[4,1],[5,2],[5,3],[6,3]]
uncalm, [[4,1],[5,2],[5,3],[6,3],[7,3],[6,2]]
unci, [[4,1],[5,2],[5,3],[5,4]]
uncia, [[4,1],[5,2],[5,3],[5,4],[6,3]]
uncial, [[4,1],[5,2],[5,3],[5,4],[6,3],[7,3]]
unciae, [[4,1],[5,2],[5,3],[5,4],[6,3],[6,4]]
unco, [[4,1],[5,2],[5,3],[4,2]]
uncut, [[4,1],[5,2],[5,3],[4,4],[3,5]]
uncute, [[4,1],[5,2],[5,3],[4,4],[3,5],[2,5]]
unacute, [[4,1],[5,2],[6,3],[5,3],[4,4],[3,5],[2,5]]
unal, [[4,1],[5,2],[6,3],[7,3]]
unai, [[4,1],[5,2],[6,3],[5,4]]
ocht, [[4,2],[3,2],[2,3],[2,4]]
oncome, [[4,2],[5,2],[5,3],[4,3],[3,4],[2,5]]
onca, [[4,2],[5,2],[5,3],[6,3]]
oncia, [[4,2],[5,2],[5,3],[5,4],[6,3]]
once, [[4,2],[5,2],[5,3],[6,4]]
onces, [[4,2],[5,2],[5,3],[6,4],[7,5]]
ough, [[4,2],[4,1],[3,1],[2,0]]
ouch, [[4,2],[4,1],[3,2],[2,3]]
ouabe, [[4,2],[4,1],[5,0],[6,0],[6,1]]
ouabe, [[4,2],[4,1],[5,0],[5,1],[6,1]]
ounce, [[4,2],[4,1],[5,2],[5,3],[6,4]]
ounces, [[4,2],[4,1],[5,2],[5,3],[6,4],[7,5]]
odum, [[4,2],[3,3],[4,4],[3,4]]
obey, [[4,2],[5,1],[6,1],[7,2]]
obeyance, [[4,2],[5,1],[6,1],[7,2],[6,3],[5,2],[5,3],[6,4]]
ocean, [[4,2],[5,3],[6,4],[6,3],[5,2]]
odum, [[4,3],[3,3],[4,4],[3,4]]
ocean, [[4,3],[5,3],[6,4],[6,3],[5,2]]
oceanog, [[4,3],[5,3],[6,4],[6,3],[5,2],[4,2],[3,1]]
ouch, [[4,3],[4,4],[4,5],[5,5]]
ouches, [[4,3],[4,4],[4,5],[5,5],[6,4],[7,5]]
outen, [[4,3],[4,4],[3,5],[2,5],[1,5]]
outmen, [[4,3],[4,4],[3,5],[3,4],[2,5],[1,5]]
outtell, [[4,3],[4,4],[3,5],[2,4],[2,5],[1,4],[0,3]]
ocht, [[4,3],[3,2],[2,3],[2,4]]
omen, [[4,3],[3,4],[2,5],[1,5]]
omenta, [[4,3],[3,4],[2,5],[1,5],[2,4],[1,3]]
omental, [[4,3],[3,4],[2,5],[1,5],[2,4],[1,3],[0,3]]
omental, [[4,3],[3,4],[2,5],[1,5],[2,4],[1,3],[1,4]]
onca, [[4,3],[5,2],[5,3],[6,3]]
oncia, [[4,3],[5,2],[5,3],[5,4],[6,3]]
once, [[4,3],[5,2],[5,3],[6,4]]
onces, [[4,3],[5,2],[5,3],[6,4],[7,5]]
uchean, [[4,4],[4,5],[5,5],[6,4],[6,3],[5,2]]
udom, [[4,4],[3,3],[4,3],[3,4]]
utch, [[4,4],[3,5],[4,5],[5,5]]
ucal, [[4,4],[5,3],[6,3],[7,3]]
chiel, [[4,5],[5,5],[5,4],[6,4],[7,3]]
chic, [[4,5],[5,5],[5,4],[5,3]]
chico, [[4,5],[5,5],[5,4],[5,3],[4,3]]
chica, [[4,5],[5,5],[5,4],[5,3],[6,3]]
chicano, [[4,5],[5,5],[5,4],[5,3],[6,3],[5,2],[4,2]]
chicano, [[4,5],[5,5],[5,4],[5,3],[6,3],[5,2],[4,3]]
chicane, [[4,5],[5,5],[5,4],[5,3],[6,3],[5,2],[6,1]]
chico, [[4,5],[5,5],[5,4],[5,3],[4,2]]
chia, [[4,5],[5,5],[5,4],[6,3]]
chiam, [[4,5],[5,5],[5,4],[6,3],[6,2]]
chian, [[4,5],[5,5],[5,4],[6,3],[5,2]]
chip, [[4,5],[5,5],[5,4],[6,5]]
chips, [[4,5],[5,5],[5,4],[6,5],[7,5]]
chum, [[4,5],[5,5],[4,4],[3,4]]
chud, [[4,5],[5,5],[4,4],[3,3]]
chut, [[4,5],[5,5],[4,4],[3,5]]
chute, [[4,5],[5,5],[4,4],[3,5],[2,5]]
chela, [[4,5],[5,5],[6,4],[7,3],[6,3]]
cumhal, [[4,5],[4,4],[3,4],[2,3],[1,3],[0,3]]
cumhal, [[4,5],[4,4],[3,4],[2,3],[1,3],[1,4]]
cuon, [[4,5],[4,4],[4,3],[5,2]]
cute, [[4,5],[4,4],[3,5],[2,5]]
cuttle, [[4,5],[4,4],[3,5],[2,4],[1,4],[2,5]]
cuca, [[4,5],[4,4],[5,3],[6,3]]
cicone, [[4,5],[5,4],[5,3],[4,3],[5,2],[6,1]]
cicale, [[4,5],[5,4],[5,3],[6,3],[7,3],[6,4]]
cicone, [[4,5],[5,4],[5,3],[4,2],[5,2],[6,1]]
cicely, [[4,5],[5,4],[5,3],[6,4],[7,3],[7,2]]
cion, [[4,5],[5,4],[4,3],[5,2]]
agen, [[5,0],[4,0],[3,0],[2,1]]
agena, [[5,0],[4,0],[3,0],[2,1],[1,1]]
agend, [[5,0],[4,0],[3,0],[2,1],[1,0]]
agenda, [[5,0],[4,0],[3,0],[2,1],[1,0],[1,1]]
ague, [[5,0],[4,0],[4,1],[3,0]]
abac, [[5,0],[6,0],[7,0],[7,1]]
abey, [[5,0],[6,0],[6,1],[7,2]]
abeyancies, [[5,0],[6,0],[6,1],[7,2],[6,3],[5,2],[5,3],[5,4],[6,4],[7,5]]
abeyance, [[5,0],[6,0],[6,1],[7,2],[6,3],[5,2],[5,3],[6,4]]
abeyances, [[5,0],[6,0],[6,1],[7,2],[6,3],[5,2],[5,3],[6,4],[7,5]]
abbe, [[5,0],[6,0],[5,1],[6,1]]
abbey, [[5,0],[6,0],[5,1],[6,1],[7,2]]
abune, [[5,0],[5,1],[4,1],[5,2],[6,1]]
abuna, [[5,0],[5,1],[4,1],[5,2],[6,3]]
abey, [[5,0],[5,1],[6,1],[7,2]]
abeyancies, [[5,0],[5,1],[6,1],[7,2],[6,3],[5,2],[5,3],[5,4],[6,4],[7,5]]
abeyance, [[5,0],[5,1],[6,1],[7,2],[6,3],[5,2],[5,3],[6,4]]
abeyances, [[5,0],[5,1],[6,1],[7,2],[6,3],[5,2],[5,3],[6,4],[7,5]]
aboon, [[5,0],[5,1],[4,2],[4,3],[5,2]]
abba, [[5,0],[5,1],[6,0],[7,0]]
abbacy, [[5,0],[5,1],[6,0],[7,0],[7,1],[7,2]]
abbe, [[5,0],[5,1],[6,0],[6,1]]
abbey, [[5,0],[5,1],[6,0],[6,1],[7,2]]
auge, [[5,0],[4,1],[3,1],[3,0]]
augen, [[5,0],[4,1],[3,1],[3,0],[2,1]]
augend, [[5,0],[4,1],[3,1],[3,0],[2,1],[1,0]]
augh, [[5,0],[4,1],[3,1],[2,0]]
aube, [[5,0],[4,1],[5,1],[6,1]]
auge, [[5,0],[4,1],[4,0],[3,0]]
augen, [[5,0],[4,1],[4,0],[3,0],[2,1]]
augend, [[5,0],[4,1],[4,0],[3,0],[2,1],[1,0]]
aucht, [[5,0],[4,1],[3,2],[2,3],[2,4]]
auchlet, [[5,0],[4,1],[3,2],[2,3],[1,4],[2,5],[3,5]]
auchlet, [[5,0],[4,1],[3,2],[2,3],[1,4],[2,5],[2,4]]
auncel, [[5,0],[4,1],[5,2],[5,3],[6,4],[7,3]]
aune, [[5,0],[4,1],[5,2],[6,1]]
bugbane, [[5,1],[4,1],[3,1],[2,2],[1,1],[2,1],[3,0]]
buchu, [[5,1],[4,1],[3,2],[2,3],[1,2]]
bunco, [[5,1],[4,1],[5,2],[5,3],[4,3]]
buncal, [[5,1],[4,1],[5,2],[5,3],[6,3],[7,3]]
bunco, [[5,1],[4,1],[5,2],[5,3],[4,2]]
bunce, [[5,1],[4,1],[5,2],[5,3],[6,4]]
buna, [[5,1],[4,1],[5,2],[6,3]]
bema, [[5,1],[6,1],[6,2],[6,3]]
beman, [[5,1],[6,1],[6,2],[6,3],[5,2]]
beau, [[5,1],[6,1],[5,0],[4,1]]
beno, [[5,1],[6,1],[5,2],[4,2]]
benu, [[5,1],[6,1],[5,2],[4,1]]
beno, [[5,1],[6,1],[5,2],[4,3]]
bena, [[5,1],[6,1],[5,2],[6,3]]
bagge, [[5,1],[5,0],[4,0],[3,1],[3,0]]
baba, [[5,1],[5,0],[6,0],[7,0]]
babe, [[5,1],[5,0],[6,0],[6,1]]
bauge, [[5,1],[5,0],[4,1],[3,1],[3,0]]
bauge, [[5,1],[5,0],[4,1],[4,0],[3,0]]
bauch, [[5,1],[5,0],[4,1],[3,2],[2,3]]
bauchle, [[5,1],[5,0],[4,1],[3,2],[2,3],[1,4],[2,5]]
baun, [[5,1],[5,0],[4,1],[5,2]]
bauno, [[5,1],[5,0],[4,1],[5,2],[4,2]]
bauno, [[5,1],[5,0],[4,1],[5,2],[4,3]]
bochur, [[5,1],[4,2],[3,2],[2,3],[1,2],[0,1]]
bonce, [[5,1],[4,2],[5,2],[5,3],[6,4]]
bono, [[5,1],[4,2],[5,2],[4,3]]
bone, [[5,1],[4,2],[5,2],[6,1]]
boney, [[5,1],[4,2],[5,2],[6,1],[7,2]]
bona, [[5,1],[4,2],[5,2],[6,3]]
bonaci, [[5,1],[4,2],[5,2],[6,3],[5,3],[5,4]]
bonace, [[5,1],[4,2],[5,2],[6,3],[5,3],[6,4]]
bonace, [[5,1],[4,2],[5,2],[6,3],[7,4],[6,4]]
bouge, [[5,1],[4,2],[4,1],[3,1],[3,0]]
bough, [[5,1],[4,2],[4,1],[3,1],[2,0]]
bouge, [[5,1],[4,2],[4,1],[4,0],[3,0]]
bouch, [[5,1],[4,2],[4,1],[3,2],[2,3]]
bouchal, [[5,1],[4,2],[4,1],[3,2],[2,3],[1,3],[0,3]]
bouchal, [[5,1],[4,2],[4,1],[3,2],[2,3],[1,3],[1,4]]
boun, [[5,1],[4,2],[4,1],[5,2]]
bounce, [[5,1],[4,2],[4,1],[5,2],[5,3],[6,4]]
bounces, [[5,1],[4,2],[4,1],[5,2],[5,3],[6,4],[7,5]]
bood, [[5,1],[4,2],[4,3],[3,3]]
boodh, [[5,1],[4,2],[4,3],[3,3],[2,3]]
boom, [[5,1],[4,2],[4,3],[3,4]]
boon, [[5,1],[4,2],[4,3],[5,2]]
boone, [[5,1],[4,2],[4,3],[5,2],[6,1]]
bogue, [[5,1],[4,2],[3,1],[4,1],[3,0]]
bodo, [[5,1],[4,2],[3,3],[4,3]]
boca, [[5,1],[4,2],[5,3],[6,3]]
bocal, [[5,1],[4,2],[5,3],[6,3],[7,3]]
boce, [[5,1],[4,2],[5,3],[6,4]]
nocht, [[5,2],[4,2],[3,2],[2,3],[2,4]]
nogg, [[5,2],[4,2],[3,1],[4,0]]
noggen, [[5,2],[4,2],[3,1],[4,0],[3,0],[2,1]]
nocument, [[5,2],[4,2],[5,3],[4,4],[3,4],[2,5],[1,5],[2,4]]
nuba, [[5,2],[4,1],[5,1],[5,0]]
nugae, [[5,2],[4,1],[4,0],[5,0],[6,1]]
nucha, [[5,2],[4,1],[3,2],[2,3],[1,3]]
nuchal, [[5,2],[4,1],[3,2],[2,3],[1,3],[0,3]]
nuchale, [[5,2],[4,1],[3,2],[2,3],[1,3],[0,3],[0,2]]
nuchal, [[5,2],[4,1],[3,2],[2,3],[1,3],[1,4]]
nuchale, [[5,2],[4,1],[3,2],[2,3],[1,3],[1,4],[2,5]]
nuchae, [[5,2],[4,1],[3,2],[2,3],[1,3],[0,2]]
nocument, [[5,2],[4,3],[5,3],[4,4],[3,4],[2,5],[1,5],[2,4]]
nouche, [[5,2],[4,3],[4,4],[4,5],[5,5],[6,4]]
nocht, [[5,2],[4,3],[3,2],[2,3],[2,4]]
nome, [[5,2],[4,3],[3,4],[2,5]]
nomen, [[5,2],[4,3],[3,4],[2,5],[1,5]]
nema, [[5,2],[6,1],[6,2],[6,3]]
nace, [[5,2],[6,3],[5,3],[6,4]]
nale, [[5,2],[6,3],[7,3],[6,4]]
name, [[5,2],[6,3],[6,2],[6,1]]
nambe, [[5,2],[6,3],[6,2],[5,1],[6,1]]
nael, [[5,2],[6,3],[6,4],[7,3]]
naio, [[5,2],[6,3],[5,4],[4,3]]
nace, [[5,2],[6,3],[7,4],[6,4]]
codo, [[5,3],[4,3],[3,3],[4,2]]
codon, [[5,3],[4,3],[3,3],[4,2],[5,2]]
cooch, [[5,3],[4,3],[4,2],[3,2],[2,3]]
coon, [[5,3],[4,3],[4,2],[5,2]]
cooba, [[5,3],[4,3],[4,2],[5,1],[5,0]]
couch, [[5,3],[4,3],[4,4],[4,5],[5,5]]
couche, [[5,3],[4,3],[4,4],[4,5],[5,5],[6,4]]
couches, [[5,3],[4,3],[4,4],[4,5],[5,5],[6,4],[7,5]]
coud, [[5,3],[4,3],[4,4],[3,3]]
coutet, [[5,3],[4,3],[4,4],[3,5],[2,5],[2,4]]
coutel, [[5,3],[4,3],[4,4],[3,5],[2,5],[1,4]]
coutelle, [[5,3],[4,3],[4,4],[3,5],[2,5],[1,4],[0,3],[0,2]]
coco, [[5,3],[4,3],[3,2],[4,2]]
cocona, [[5,3],[4,3],[3,2],[4,2],[5,2],[6,3]]
coch, [[5,3],[4,3],[3,2],[2,3]]
cochal, [[5,3],[4,3],[3,2],[2,3],[1,3],[0,3]]
cochal, [[5,3],[4,3],[3,2],[2,3],[1,3],[1,4]]
comte, [[5,3],[4,3],[3,4],[2,4],[2,5]]
comd, [[5,3],[4,3],[3,4],[3,3]]
comdt, [[5,3],[4,3],[3,4],[3,3],[2,4]]
comte, [[5,3],[4,3],[3,4],[3,5],[2,5]]
come, [[5,3],[4,3],[3,4],[2,5]]
comet, [[5,3],[4,3],[3,4],[2,5],[3,5]]
comet, [[5,3],[4,3],[3,4],[2,5],[2,4]]
cometh, [[5,3],[4,3],[3,4],[2,5],[2,4],[2,3]]
cone, [[5,3],[4,3],[5,2],[6,1]]
coney, [[5,3],[4,3],[5,2],[6,1],[7,2]]
conal, [[5,3],[4,3],[5,2],[6,3],[7,3]]
calc, [[5,3],[6,3],[7,3],[7,4]]
calces, [[5,3],[6,3],[7,3],[7,4],[6,4],[7,5]]
calm, [[5,3],[6,3],[7,3],[6,2]]
calmy, [[5,3],[6,3],[7,3],[6,2],[7,2]]
came, [[5,3],[6,3],[6,2],[6,1]]
camb, [[5,3],[6,3],[6,2],[5,1]]
camboge, [[5,3],[6,3],[6,2],[5,1],[4,2],[3,1],[3,0]]
cane, [[5,3],[6,3],[5,2],[6,1]]
caic, [[5,3],[6,3],[5,4],[4,5]]
cace, [[5,3],[6,3],[7,4],[6,4]]
cacei, [[5,3],[6,3],[7,4],[6,4],[5,4]]
cion, [[5,3],[5,4],[4,3],[5,2]]
coch, [[5,3],[4,2],[3,2],[2,3]]
cochal, [[5,3],[4,2],[3,2],[2,3],[1,3],[0,3]]
cochal, [[5,3],[4,2],[3,2],[2,3],[1,3],[1,4]]
coco, [[5,3],[4,2],[3,2],[4,3]]
cocona, [[5,3],[4,2],[3,2],[4,3],[5,2],[6,3]]
cone, [[5,3],[4,2],[5,2],[6,1]]
coney, [[5,3],[4,2],[5,2],[6,1],[7,2]]
conal, [[5,3],[4,2],[5,2],[6,3],[7,3]]
cougnar, [[5,3],[4,2],[4,1],[3,1],[2,1],[1,1],[0,1]]
cough, [[5,3],[4,2],[4,1],[3,1],[2,0]]
coue, [[5,3],[4,2],[4,1],[3,0]]
couch, [[5,3],[4,2],[4,1],[3,2],[2,3]]
cooch, [[5,3],[4,2],[4,3],[3,2],[2,3]]
coom, [[5,3],[4,2],[4,3],[3,4]]
coon, [[5,3],[4,2],[4,3],[5,2]]
cogue, [[5,3],[4,2],[3,1],[4,1],[3,0]]
codo, [[5,3],[4,2],[3,3],[4,3]]
codon, [[5,3],[4,2],[3,3],[4,3],[5,2]]
cobaea, [[5,3],[4,2],[5,1],[5,0],[6,1],[7,0]]
cobb, [[5,3],[4,2],[5,1],[6,0]]
cumhal, [[5,3],[4,4],[3,4],[2,3],[1,3],[0,3]]
cumhal, [[5,3],[4,4],[3,4],[2,3],[1,3],[1,4]]
cuon, [[5,3],[4,4],[4,3],[5,2]]
cuchia, [[5,3],[4,4],[4,5],[5,5],[5,4],[6,3]]
cute, [[5,3],[4,4],[3,5],[2,5]]
cutch, [[5,3],[4,4],[3,5],[4,5],[5,5]]
cutches, [[5,3],[4,4],[3,5],[4,5],[5,5],[6,4],[7,5]]
cuttle, [[5,3],[4,4],[3,5],[2,4],[1,4],[2,5]]
ceca, [[5,3],[6,4],[7,4],[6,3]]
cecal, [[5,3],[6,4],[7,4],[6,3],[7,3]]
ceps, [[5,3],[6,4],[6,5],[7,5]]
icod, [[5,4],[5,3],[4,3],[3,3]]
icon, [[5,4],[5,3],[4,3],[5,2]]
icon, [[5,4],[5,3],[4,2],[5,2]]
icod, [[5,4],[5,3],[4,2],[3,3]]
ices, [[5,4],[5,3],[6,4],[7,5]]
iodo, [[5,4],[4,3],[3,3],[4,2]]
ionogen, [[5,4],[4,3],[5,2],[4,2],[3,1],[3,0],[2,1]]
ione, [[5,4],[4,3],[5,2],[6,1]]
ichu, [[5,4],[4,5],[5,5],[4,4]]
iamb, [[5,4],[6,3],[6,2],[5,1]]
iambe, [[5,4],[6,3],[6,2],[5,1],[6,1]]
ipse, [[5,4],[6,5],[7,5],[6,4]]
ipecac, [[5,4],[6,5],[6,4],[7,4],[6,3],[5,3]]
ipecac, [[5,4],[6,5],[6,4],[5,3],[6,3],[7,4]]
ipecacs, [[5,4],[6,5],[6,4],[5,3],[6,3],[7,4],[7,5]]
hielamen, [[5,5],[5,4],[6,4],[7,3],[6,3],[6,2],[6,1],[5,2]]
hies, [[5,5],[5,4],[6,4],[7,5]]
hiodon, [[5,5],[5,4],[4,3],[3,3],[4,2],[5,2]]
hips, [[5,5],[5,4],[6,5],[7,5]]
hipe, [[5,5],[5,4],[6,5],[6,4]]
hume, [[5,5],[4,4],[3,4],[2,5]]
humet, [[5,5],[4,4],[3,4],[2,5],[3,5]]
humet, [[5,5],[4,4],[3,4],[2,5],[2,4]]
huic, [[5,5],[4,4],[5,4],[5,3]]
huic, [[5,5],[4,4],[5,4],[4,5]]
huia, [[5,5],[4,4],[5,4],[6,3]]
hutment, [[5,5],[4,4],[3,5],[3,4],[2,5],[1,5],[2,4]]
heal, [[5,5],[6,4],[6,3],[7,3]]
helm, [[5,5],[6,4],[7,3],[6,2]]
bagge, [[6,0],[5,0],[4,0],[3,1],[3,0]]
babu, [[6,0],[5,0],[5,1],[4,1]]
babe, [[6,0],[5,0],[5,1],[6,1]]
baboo, [[6,0],[5,0],[5,1],[4,2],[4,3]]
baboon, [[6,0],[5,0],[5,1],[4,2],[4,3],[5,2]]
bauge, [[6,0],[5,0],[4,1],[3,1],[3,0]]
baubo, [[6,0],[5,0],[4,1],[5,1],[4,2]]
bauge, [[6,0],[5,0],[4,1],[4,0],[3,0]]
bauch, [[6,0],[5,0],[4,1],[3,2],[2,3]]
bauchle, [[6,0],[5,0],[4,1],[3,2],[2,3],[1,4],[2,5]]
baun, [[6,0],[5,0],[4,1],[5,2]]
bauno, [[6,0],[5,0],[4,1],[5,2],[4,2]]
bauno, [[6,0],[5,0],[4,1],[5,2],[4,3]]
bebog, [[6,0],[6,1],[5,1],[4,2],[3,1]]
bema, [[6,0],[6,1],[6,2],[6,3]]
beman, [[6,0],[6,1],[6,2],[6,3],[5,2]]
bemba, [[6,0],[6,1],[6,2],[5,1],[5,0]]
beau, [[6,0],[6,1],[5,0],[4,1]]
beno, [[6,0],[6,1],[5,2],[4,2]]
benu, [[6,0],[6,1],[5,2],[4,1]]
beno, [[6,0],[6,1],[5,2],[4,3]]
bena, [[6,0],[6,1],[5,2],[6,3]]
ebon, [[6,1],[5,1],[4,2],[5,2]]
ebbman, [[6,1],[6,0],[5,1],[6,2],[6,3],[5,2]]
embue, [[6,1],[6,2],[5,1],[4,1],[3,0]]
embouchure, [[6,1],[6,2],[5,1],[4,2],[4,1],[3,2],[2,3],[1,2],[0,1],[0,2]]
embouchment, [[6,1],[6,2],[5,1],[4,2],[4,1],[3,2],[2,3],[3,4],[2,5],[1,5],[2,4]]
embog, [[6,1],[6,2],[5,1],[4,2],[3,1]]
embogue, [[6,1],[6,2],[5,1],[4,2],[3,1],[4,1],[3,0]]
enoch, [[6,1],[5,2],[4,2],[3,2],[2,3]]
enough, [[6,1],[5,2],[4,2],[4,1],[3,1],[2,0]]
encia, [[6,1],[5,2],[5,3],[5,4],[6,3]]
enoch, [[6,1],[5,2],[4,3],[3,2],[2,3]]
enam, [[6,1],[5,2],[6,3],[6,2]]
myal, [[6,2],[7,2],[6,3],[7,3]]
meno, [[6,2],[6,1],[5,2],[4,2]]
menu, [[6,2],[6,1],[5,2],[4,1]]
meno, [[6,2],[6,1],[5,2],[4,3]]
menace, [[6,2],[6,1],[5,2],[6,3],[5,3],[6,4]]
menaces, [[6,2],[6,1],[5,2],[6,3],[5,3],[6,4],[7,5]]
menace, [[6,2],[6,1],[5,2],[6,3],[7,4],[6,4]]
menaces, [[6,2],[6,1],[5,2],[6,3],[7,4],[6,4],[7,5]]
maco, [[6,2],[6,3],[5,3],[4,3]]
macon, [[6,2],[6,3],[5,3],[4,3],[5,2]]
macies, [[6,2],[6,3],[5,3],[5,4],[6,4],[7,5]]
maco, [[6,2],[6,3],[5,3],[4,2]]
macon, [[6,2],[6,3],[5,3],[4,2],[5,2]]
macute, [[6,2],[6,3],[5,3],[4,4],[3,5],[2,5]]
mace, [[6,2],[6,3],[5,3],[6,4]]
maces, [[6,2],[6,3],[5,3],[6,4],[7,5]]
male, [[6,2],[6,3],[7,3],[6,4]]
maleic, [[6,2],[6,3],[7,3],[6,4],[5,4],[5,3]]
maleic, [[6,2],[6,3],[7,3],[6,4],[5,4],[4,5]]
males, [[6,2],[6,3],[7,3],[6,4],[7,5]]
maes, [[6,2],[6,3],[6,4],[7,5]]
mano, [[6,2],[6,3],[5,2],[4,2]]
manoc, [[6,2],[6,3],[5,2],[4,2],[3,2]]
manoc, [[6,2],[6,3],[5,2],[4,2],[5,3]]
manba, [[6,2],[6,3],[5,2],[5,1],[5,0]]
mano, [[6,2],[6,3],[5,2],[4,3]]
manoc, [[6,2],[6,3],[5,2],[4,3],[5,3]]
manoc, [[6,2],[6,3],[5,2],[4,3],[3,2]]
mane, [[6,2],[6,3],[5,2],[6,1]]
maney, [[6,2],[6,3],[5,2],[6,1],[7,2]]
mayence, [[6,2],[6,3],[7,2],[6,1],[5,2],[5,3],[6,4]]
mace, [[6,2],[6,3],[7,4],[6,4]]
maces, [[6,2],[6,3],[7,4],[6,4],[7,5]]
macle, [[6,2],[6,3],[7,4],[7,3],[6,4]]
macles, [[6,2],[6,3],[7,4],[7,3],[6,4],[7,5]]
macs, [[6,2],[6,3],[7,4],[7,5]]
acouchi, [[6,3],[5,3],[4,3],[4,4],[4,5],[5,5],[5,4]]
acone, [[6,3],[5,3],[4,3],[5,2],[6,1]]
acne, [[6,3],[5,3],[5,2],[6,1]]
acies, [[6,3],[5,3],[5,4],[6,4],[7,5]]
acone, [[6,3],[5,3],[4,2],[5,2],[6,1]]
acumen, [[6,3],[5,3],[4,4],[3,4],[2,5],[1,5]]
acuchi, [[6,3],[5,3],[4,4],[4,5],[5,5],[5,4]]
acute, [[6,3],[5,3],[4,4],[3,5],[2,5]]
acme, [[6,3],[5,3],[6,2],[6,1]]
aces, [[6,3],[5,3],[6,4],[7,5]]
alce, [[6,3],[7,3],[7,4],[6,4]]
alces, [[6,3],[7,3],[7,4],[6,4],[7,5]]
alme, [[6,3],[7,3],[6,2],[6,1]]
alec, [[6,3],[7,3],[6,4],[7,4]]
alecs, [[6,3],[7,3],[6,4],[7,4],[7,5]]
aleph, [[6,3],[7,3],[6,4],[6,5],[5,5]]
alec, [[6,3],[7,3],[6,4],[5,3]]
ales, [[6,3],[7,3],[6,4],[7,5]]
amyl, [[6,3],[6,2],[7,2],[7,3]]
ameba, [[6,3],[6,2],[6,1],[5,1],[5,0]]
ameba, [[6,3],[6,2],[6,1],[6,0],[5,0]]
ameba, [[6,3],[6,2],[6,1],[6,0],[7,0]]
amen, [[6,3],[6,2],[6,1],[5,2]]
ambe, [[6,3],[6,2],[5,1],[6,1]]
amba, [[6,3],[6,2],[5,1],[5,0]]
ambage, [[6,3],[6,2],[5,1],[5,0],[4,0],[3,0]]
ambo, [[6,3],[6,2],[5,1],[4,2]]
ambon, [[6,3],[6,2],[5,1],[4,2],[5,2]]
aecium, [[6,3],[6,4],[5,3],[5,4],[4,4],[3,4]]
aesc, [[6,3],[6,4],[7,5],[7,4]]
anba, [[6,3],[5,2],[5,1],[5,0]]
ancome, [[6,3],[5,2],[5,3],[4,3],[3,4],[2,5]]
aiel, [[6,3],[5,4],[6,4],[7,3]]
aion, [[6,3],[5,4],[4,3],[5,2]]
ayme, [[6,3],[7,2],[6,2],[6,1]]
ayen, [[6,3],[7,2],[6,1],[5,2]]
aces, [[6,3],[7,4],[6,4],[7,5]]
acle, [[6,3],[7,4],[7,3],[6,4]]
epic, [[6,4],[6,5],[5,4],[5,3]]
epical, [[6,4],[6,5],[5,4],[5,3],[6,3],[7,3]]
epic, [[6,4],[6,5],[5,4],[4,5]]
ecod, [[6,4],[5,3],[4,3],[3,3]]
ecoute, [[6,4],[5,3],[4,3],[4,4],[3,5],[2,5]]
econ, [[6,4],[5,3],[4,3],[5,2]]
econ, [[6,4],[5,3],[4,2],[5,2]]
ecod, [[6,4],[5,3],[4,2],[3,3]]
elan, [[6,4],[7,3],[6,3],[5,2]]
elaic, [[6,4],[7,3],[6,3],[5,4],[5,3]]
elaic, [[6,4],[7,3],[6,3],[5,4],[4,5]]
elmy, [[6,4],[7,3],[6,2],[7,2]]
espial, [[6,4],[7,5],[6,5],[5,4],[6,3],[7,3]]
esca, [[6,4],[7,5],[7,4],[6,3]]
phies, [[6,5],[5,5],[5,4],[6,4],[7,5]]
phial, [[6,5],[5,5],[5,4],[6,3],[7,3]]
phiale, [[6,5],[5,5],[5,4],[6,3],[7,3],[6,4]]
phut, [[6,5],[5,5],[4,4],[3,5]]
pheal, [[6,5],[5,5],[6,4],[6,3],[7,3]]
psec, [[6,5],[7,5],[6,4],[7,4]]
psec, [[6,5],[7,5],[6,4],[5,3]]
pecan, [[6,5],[6,4],[7,4],[6,3],[5,2]]
peacod, [[6,5],[6,4],[6,3],[5,3],[4,3],[3,3]]
peacod, [[6,5],[6,4],[6,3],[5,3],[4,2],[3,3]]
peal, [[6,5],[6,4],[6,3],[7,3]]
pean, [[6,5],[6,4],[6,3],[5,2]]
peai, [[6,5],[6,4],[6,3],[5,4]]
pecan, [[6,5],[6,4],[5,3],[6,3],[5,2]]
piute, [[6,5],[5,4],[4,4],[3,5],[2,5]]
pies, [[6,5],[5,4],[6,4],[7,5]]
pico, [[6,5],[5,4],[5,3],[4,3]]
pica, [[6,5],[5,4],[5,3],[6,3]]
pical, [[6,5],[5,4],[5,3],[6,3],[7,3]]
picae, [[6,5],[5,4],[5,3],[6,3],[6,4]]
pico, [[6,5],[5,4],[5,3],[4,2]]
picudo, [[6,5],[5,4],[5,3],[4,4],[3,3],[4,3]]
picudo, [[6,5],[5,4],[5,3],[4,4],[3,3],[4,2]]
pice, [[6,5],[5,4],[5,3],[6,4]]
picea, [[6,5],[5,4],[5,3],[6,4],[6,3]]
pion, [[6,5],[5,4],[4,3],[5,2]]
pict, [[6,5],[5,4],[4,5],[3,5]]
pich, [[6,5],[5,4],[4,5],[5,5]]
picudo, [[6,5],[5,4],[4,5],[4,4],[3,3],[4,3]]
picudo, [[6,5],[5,4],[4,5],[4,4],[3,3],[4,2]]
pial, [[6,5],[5,4],[6,3],[7,3]]
pian, [[6,5],[5,4],[6,3],[5,2]]
piano, [[6,5],[5,4],[6,3],[5,2],[4,2]]
piano, [[6,5],[5,4],[6,3],[5,2],[4,3]]
piacle, [[6,5],[5,4],[6,3],[7,4],[7,3],[6,4]]
abaue, [[7,0],[6,0],[5,0],[4,1],[3,0]]
abey, [[7,0],[6,0],[6,1],[7,2]]
abeyancies, [[7,0],[6,0],[6,1],[7,2],[6,3],[5,2],[5,3],[5,4],[6,4],[7,5]]
abeyance, [[7,0],[6,0],[6,1],[7,2],[6,3],[5,2],[5,3],[6,4]]
abeyances, [[7,0],[6,0],[6,1],[7,2],[6,3],[5,2],[5,3],[6,4],[7,5]]
abbe, [[7,0],[6,0],[5,1],[6,1]]
abbey, [[7,0],[6,0],[5,1],[6,1],[7,2]]
abba, [[7,0],[6,0],[5,1],[5,0]]
acyl, [[7,0],[7,1],[7,2],[7,3]]
acme, [[7,0],[7,1],[6,2],[6,1]]
cenacle, [[7,1],[6,1],[5,2],[6,3],[7,4],[7,3],[6,4]]
cenacles, [[7,1],[6,1],[5,2],[6,3],[7,4],[7,3],[6,4],[7,5]]
caba, [[7,1],[7,0],[6,0],[5,0]]
cabbage, [[7,1],[7,0],[6,0],[5,1],[5,0],[4,0],[3,0]]
cyme, [[7,1],[7,2],[6,2],[6,1]]
cyma, [[7,1],[7,2],[6,2],[6,3]]
cymae, [[7,1],[7,2],[6,2],[6,3],[6,4]]
cymba, [[7,1],[7,2],[6,2],[5,1],[5,0]]
cyan, [[7,1],[7,2],[6,3],[5,2]]
cyano, [[7,1],[7,2],[6,3],[5,2],[4,2]]
cyanogen, [[7,1],[7,2],[6,3],[5,2],[4,2],[3,1],[3,0],[2,1]]
cyano, [[7,1],[7,2],[6,3],[5,2],[4,3]]
cyanea, [[7,1],[7,2],[6,3],[5,2],[6,1],[5,0]]
cyanea, [[7,1],[7,2],[6,3],[5,2],[6,1],[7,0]]
ymca, [[7,2],[6,2],[5,3],[6,3]]
ymca, [[7,2],[6,2],[7,1],[7,0]]
yale, [[7,2],[6,3],[7,3],[6,4]]
yamen, [[7,2],[6,3],[6,2],[6,1],[5,2]]
lace, [[7,3],[6,3],[5,3],[6,4]]
laces, [[7,3],[6,3],[5,3],[6,4],[7,5]]
lame, [[7,3],[6,3],[6,2],[6,1]]
lamb, [[7,3],[6,3],[6,2],[5,1]]
lambeau, [[7,3],[6,3],[6,2],[5,1],[6,1],[5,0],[4,1]]
lambencies, [[7,3],[6,3],[6,2],[5,1],[6,1],[5,2],[5,3],[5,4],[6,4],[7,5]]
lamba, [[7,3],[6,3],[6,2],[5,1],[5,0]]
lance, [[7,3],[6,3],[5,2],[5,3],[6,4]]
lances, [[7,3],[6,3],[5,2],[5,3],[6,4],[7,5]]
lanugo, [[7,3],[6,3],[5,2],[4,1],[3,1],[4,2]]
lane, [[7,3],[6,3],[5,2],[6,1]]
laney, [[7,3],[6,3],[5,2],[6,1],[7,2]]
laic, [[7,3],[6,3],[5,4],[5,3]]
laic, [[7,3],[6,3],[5,4],[4,5]]
laich, [[7,3],[6,3],[5,4],[4,5],[5,5]]
laymen, [[7,3],[6,3],[7,2],[6,2],[6,1],[5,2]]
lace, [[7,3],[6,3],[7,4],[6,4]]
laces, [[7,3],[6,3],[7,4],[6,4],[7,5]]
lacs, [[7,3],[6,3],[7,4],[7,5]]
lycea, [[7,3],[7,2],[7,1],[6,1],[5,0]]
lycea, [[7,3],[7,2],[7,1],[6,1],[7,0]]
lycaena, [[7,3],[7,2],[7,1],[7,0],[6,1],[5,2],[6,3]]
lyam, [[7,3],[7,2],[6,3],[6,2]]
lyance, [[7,3],[7,2],[6,3],[5,2],[5,3],[6,4]]
leam, [[7,3],[6,4],[6,3],[6,2]]
lean, [[7,3],[6,4],[6,3],[5,2]]
lehi, [[7,3],[6,4],[5,5],[5,4]]
ceps, [[7,4],[6,4],[6,5],[7,5]]
ceca, [[7,4],[6,4],[5,3],[6,3]]
cecal, [[7,4],[6,4],[5,3],[6,3],[7,3]]
cecum, [[7,4],[6,4],[5,3],[4,4],[3,4]]
clam, [[7,4],[7,3],[6,3],[6,2]]
clame, [[7,4],[7,3],[6,3],[6,2],[6,1]]
clamb, [[7,4],[7,3],[6,3],[6,2],[5,1]]
claes, [[7,4],[7,3],[6,3],[6,4],[7,5]]
clan, [[7,4],[7,3],[6,3],[5,2]]
clay, [[7,4],[7,3],[6,3],[7,2]]
claye, [[7,4],[7,3],[6,3],[7,2],[6,1]]
clayen, [[7,4],[7,3],[6,3],[7,2],[6,1],[5,2]]
cleam, [[7,4],[7,3],[6,4],[6,3],[6,2]]
clean, [[7,4],[7,3],[6,4],[6,3],[5,2]]
cleanout, [[7,4],[7,3],[6,4],[6,3],[5,2],[4,3],[4,4],[3,5]]
clep, [[7,4],[7,3],[6,4],[6,5]]
cacoon, [[7,4],[6,3],[5,3],[4,3],[4,2],[5,2]]
caci, [[7,4],[6,3],[5,3],[5,4]]
cacoon, [[7,4],[6,3],[5,3],[4,2],[4,3],[5,2]]
cacumen, [[7,4],[6,3],[5,3],[4,4],[3,4],[2,5],[1,5]]
cace, [[7,4],[6,3],[5,3],[6,4]]
cacei, [[7,4],[6,3],[5,3],[6,4],[5,4]]
calm, [[7,4],[6,3],[7,3],[6,2]]
calmy, [[7,4],[6,3],[7,3],[6,2],[7,2]]
came, [[7,4],[6,3],[6,2],[6,1]]
camb, [[7,4],[6,3],[6,2],[5,1]]
camboge, [[7,4],[6,3],[6,2],[5,1],[4,2],[3,1],[3,0]]
caecum, [[7,4],[6,3],[6,4],[5,3],[4,4],[3,4]]
canc, [[7,4],[6,3],[5,2],[5,3]]
cancel, [[7,4],[6,3],[5,2],[5,3],[6,4],[7,3]]
cane, [[7,4],[6,3],[5,2],[6,1]]
caic, [[7,4],[6,3],[5,4],[5,3]]
caic, [[7,4],[6,3],[5,4],[4,5]]
spec, [[7,5],[6,5],[6,4],[7,4]]
speal, [[7,5],[6,5],[6,4],[6,3],[7,3]]
spean, [[7,5],[6,5],[6,4],[6,3],[5,2]]
spec, [[7,5],[6,5],[6,4],[5,3]]
special, [[7,5],[6,5],[6,4],[5,3],[5,4],[6,3],[7,3]]
spelman, [[7,5],[6,5],[6,4],[7,3],[6,2],[6,3],[5,2]]
spiel, [[7,5],[6,5],[5,4],[6,4],[7,3]]
spic, [[7,5],[6,5],[5,4],[5,3]]
spica, [[7,5],[6,5],[5,4],[5,3],[6,3]]
spical, [[7,5],[6,5],[5,4],[5,3],[6,3],[7,3]]
spicae, [[7,5],[6,5],[5,4],[5,3],[6,3],[6,4]]
spice, [[7,5],[6,5],[5,4],[5,3],[6,4]]
spic, [[7,5],[6,5],[5,4],[4,5]]
spial, [[7,5],[6,5],[5,4],[6,3],[7,3]]
scaly, [[7,5],[7,4],[6,3],[7,3],[7,2]]
scale, [[7,5],[7,4],[6,3],[7,3],[6,4]]
scam, [[7,5],[7,4],[6,3],[6,2]]
scan, [[7,5],[7,4],[6,3],[5,2]]
scance, [[7,5],[7,4],[6,3],[5,2],[5,3],[6,4]]
seal, [[7,5],[6,4],[6,3],[7,3]]
sealy, [[7,5],[6,4],[6,3],[7,3],[7,2]]
seam, [[7,5],[6,4],[6,3],[6,2]]
seamy, [[7,5],[6,4],[6,3],[6,2],[7,2]]
seamen, [[7,5],[6,4],[6,3],[6,2],[6,1],[5,2]]
sean, [[7,5],[6,4],[6,3],[5,2]]
sepium, [[7,5],[6,4],[6,5],[5,4],[4,4],[3,4]]
sepic, [[7,5],[6,4],[6,5],[5,4],[5,3]]
sepion, [[7,5],[6,4],[6,5],[5,4],[4,3],[5,2]]
sepic, [[7,5],[6,4],[6,5],[5,4],[4,5]]
sepia, [[7,5],[6,4],[6,5],[5,4],[6,3]]
sepian, [[7,5],[6,4],[6,5],[5,4],[6,3],[5,2]]
seconal, [[7,5],[6,4],[5,3],[4,3],[5,2],[6,3],[7,3]]
secno, [[7,5],[6,4],[5,3],[5,2],[4,2]]
secno, [[7,5],[6,4],[5,3],[5,2],[4,3]]
seconal, [[7,5],[6,4],[5,3],[4,2],[5,2],[6,3],[7,3]]
